0.472946
0.724958
0.429844
0.0548184
0.973729
0.907768
0.034805
0.06804
0.448407
0.627985
0.490366
0.465876
0.645387
0.767873
0.541354
0.00280481
0.799465
0.65605
0.897727
0.779242
0.144996
0.269996
0.967832
0.74453
0.826049
0.277101
0.604355
0.311409
0.233109
0.857976
0.924407
0.971659
0.514395
0.833846
0.536739
0.797937
0.139652
0.131778
0.339723
0.693224
0.478428
0.126303
0.29304
0.0108292
0.0902555
0.848749
0.212468
0.421903
0.142941
0.212669
0.984683
0.289909
0.460004
0.766431
0.704369
0.0246909
0.473588
0.898015
0.766703
0.599809
0.746238
0.659184
0.177311
0.702647
0.223985
0.293788
0.877733
0.113117
0.846059
0.795111
0.669556
0.494412
0.805883
0.670663
0.899376
0.0948782
0.0368611
0.0596362
0.158993
0.916244
0.211029
0.817279
0.63516
0.0344713
0.909425
0.0858422
0.27109
0.789111
0.79288
0.620423
0.166624
0.415264
0.908464
0.0909652
0.808153
0.665564
0.498608
0.315434
0.531893
0.842175
0.605945
0.144672
0.86092
0.341698
0.237973
0.688179
0.0971178
0.726146
0.902152
0.297157
0.454786
0.928358
0.985639
0.381659
0.833266
0.033742
0.956378
0.468655
0.429549
0.773382
0.527394
0.149765
0.109605
0.497357
0.862335
0.343555
0.662012
0.977369
0.100574
0.00319338
0.226357
0.172406
0.459279
0.791135
0.482192
0.507306
0.684126
0.555523
0.202499
0.160322
0.730961
0.571755
0.451977
0.770556
0.886653
0.635299
0.589204
0.501446
0.255088
0.591819
0.54484
0.648687
0.167586
0.884851
0.641997
0.451638
0.0721965
0.9932
0.0625948
0.916869
0.378583
0.676496
0.0232841
0.644198
0.177458
0.849893
0.721768
0.473792
0.371465
0.0887224
0.833178
0.970261
0.840561
0.694187
0.197744
0.372947
0.962379
0.399998
0.865196
0.0370136
0.810156
0.601104
0.480845
0.992476
0.802534
0.357473
0.00730559
0.347828
0.856167
0.373818
0.990212
0.296468
0.779873
0.517766
0.905619
0.700116
0.282482
0.304827
0.37674
0.554146
0.163087
0.244997
0.887923
0.473502
0.0411782
0.218841
0.387177
0.982737
0.10027
0.385646
0.511528
0.89416
0.0367278
0.772526
0.40737
0.88875
0.68507
0.557967
0.589021
0.725782
0.450735
0.979586
0.410458
0.247191
0.799328
0.817576
0.417356
0.633714
0.725104
0.755979
0.795198
0.0487734
0.812573
0.787305
0.893278
0.955138
0.354473
0.382212
0.521625
0.738448
0.751945
0.872024
0.635452
0.737188
0.821462
0.0144595
0.420774
0.254973
0.80304
0.914276
0.103379
0.65189
0.762129
0.042557
0.171516
0.643567
0.689062
0.594242
0.198308
0.806836
0.0511724
0.131277
0.763124
0.104597
0.435966
0.386827
0.94804
0.745428
0.939688
0.99862
0.377603
0.241454
0.0604105
0.0317515
0.898229
0.368088
0.611358
0.725333
0.467331
0.306252
0.597736
0.257509
0.936725
0.700128
0.695955
0.845965
0.068222
0.895093
0.877912
0.873265
0.854448
0.867994
0.628824
0.761054
0.902733
0.0759901
0.956806
0.583044
0.545515
0.418277
0.402701
0.608693
0.110495
0.142924
0.397866
0.051087
0.894029
0.0691027
0.0473563
0.489852
0.661147
0.948001
0.411049
0.576004
0.308828
0.0770089
0.469888
0.801879
0.600149
0.65069
0.827622
0.647158
0.889101
0.612779
0.760947
0.366934
0.799524
0.84686
0.595023
0.502779
0.305287
0.390073
0.966892
0.614914
0.620861
0.433416
0.58943
0.236277
0.224794
0.100523
0.0400181
0.7438
0.0443265
0.47788
0.80955
0.502125
0.808165
0.67244
0.0125304
0.0632589
0.674902
0.972597
0.479512
0.47013
0.642643
0.290929
0.034653
0.649049
0.394461
0.108434
0.327718
0.654696
0.314999
0.141781
0.631137
0.988168
0.772648
0.0946067
0.11571
0.330957
0.536015
0.415696
0.434959
0.157775
0.637532
0.475303
0.00276154
0.838663
0.11935
0.295698
0.0586982
0.012183
0.323555
0.0818919
0.366835
0.741136
0.371862
0.497065
0.569169
0.830843
0.463169
0.222169
0.472996
0.50877
0.245408
0.514884
0.57295
0.151815
0.443927
0.894581
0.456176
0.472752
0.39782
0.0957577
0.271803
0.432949
0.390354
0.936481
0.954751
0.423255
0.890636
0.171007
0.806084
0.109711
0.259089
0.473281
0.488184
0.690294
0.110635
0.58181
0.203789
0.949402
0.945608
0.809457
0.336284
0.502327
0.373108
0.26465
0.554397
0.467198
0.566749
0.162315
0.403704
0.708448
0.436487
0.181037
0.629778
0.63519
0.550812
0.404065
0.933917
0.523922
0.900338
0.987733
0.74284
0.370339
0.16603
0.145548
0.453596
0.438934
0.532929
0.881762
0.218206
0.329083
0.388217
0.498334
0.356086
0.105671
0.169035
0.38549
0.0584997
0.541229
0.209165
0.93044
0.138266
0.761929
0.751842
0.788895
0.92519
0.702222
0.512095
0.487372
0.101571
0.68822
0.788821
0.945817
0.245022
0.318979
0.421367
0.647959
0.120506
0.697442
0.371612
0.0782443
0.341536
0.51455
0.395904
0.806448
0.146196
0.661916
0.691799
0.585977
0.752687
0.216646
0.1102
0.344145
0.00465753
0.703637
0.950653
0.943789
0.678395
0.532535
0.684265
0.928349
0.659553
0.397166
0.515968
0.772065
0.923209
0.510768
0.960929
0.53688
0.235926
0.398102
0.720026
0.733377
0.720479
0.387243
0.863417
0.771785
0.910596
0.308565
0.634441
0.861231
0.164456
0.359887
0.138332
0.688777
0.885083
0.695286
0.16835
0.898834
0.543507
0.613387
0.51138
0.415047
0.795034
0.600595
0.528506
0.123788
0.588782
0.365916
0.0686475
0.726346
0.530707
0.504656
0.847143
0.407471
0.0231305
0.785579
0.371175
0.879174
0.36209
0.552158
0.860625
0.235298
0.333061
0.750795
0.851298
0.278762
0.775862
0.694511
0.450705
0.800703
0.0200993
0.455933
0.0810967
0.219457
0.991316
0.426786
0.927501
0.615767
0.33509
0.727292
0.427557
0.924595
0.233627
0.284705
0.417174
0.580348
0.939709
0.484027
0.0627605
0.764972
0.197462
0.385479
0.228444
0.910382
0.503351
0.757972
0.94997
0.818483
0.312396
0.447362
0.472958
0.985777
0.239397
0.569132
0.660704
0.589381
0.669797
0.0979096
0.950108
0.280909
0.469884
0.622846
0.580005
0.728685
0.0523957
0.470266
0.542319
0.352424
0.943304
0.355499
0.80237
0.324071
0.990973
0.268967
0.170756
0.441457
0.942905
0.939482
0.561742
0.712869
0.306548
0.565816
0.182922
0.177409
0.925754
0.996145
0.981666
0.789478
0.471913
0.344395
0.25289
0.527722
0.856857
0.50786
0.872253
0.441625
0.307654
0.927724
0.727128
0.423568
0.525196
0.11381
0.783483
0.458106
0.781556
0.235106
0.333729
0.3137
0.781232
0.991171
0.308667
0.702925
0.00427183
0.536187
0.21523
0.261938
0.00260136
0.758475
0.268871
0.471619
0.665903
0.829951
0.148277
0.623998
0.834415
0.873475
0.64286
0.329762
0.347423
0.493414
0.339057
0.589543
0.0465523
0.606892
0.247769
0.862087
0.179592
0.511836
0.540347
0.746861
0.234318
0.464982
0.222211
0.487
0.882645
0.695583
0.0540033
0.648663
0.700352
0.440438
0.503374
0.930464
0.663722
0.0768297
0.529556
0.329013
0.262383
0.706036
0.385232
0.69167
0.854439
0.73896
0.0501369
0.0967729
0.120535
0.849233
0.99401
0.519742
0.990468
0.398133
0.209254
0.281155
0.868009
0.283726
0.326618
0.508841
0.77729
0.206212
0.22751
0.187907
0.758725
0.0942687
0.886049
0.313645
0.766597
0.372779
0.541332
0.485364
0.855748
0.382061
0.315744
0.619314
0.458882
0.34167
0.0802243
0.843473
0.424847
0.426883
0.663841
0.528074
0.717113
0.676454
0.168456
0.347563
0.730723
0.255279
0.540621
0.636274
0.722754
0.410756
0.669325
0.0661581
0.338804
0.200479
0.167983
0.861721
0.716748
0.0838362
0.270727
0.650395
0.175825
0.898751
0.63938
0.167301
0.135304
0.840254
0.117097
0.603721
0.98153
0.137822
0.661208
0.104561
0.0357203
0.502656
0.150986
0.411998
0.68674
0.623504
0.516406
0.123091
0.304058
0.79065
0.878991
0.81003
0.604302
0.696184
0.46136
0.171794
0.956304
0.00400706
0.928569
0.586311
0.523493
0.982638
0.233103
0.0871644
0.945981
0.908637
0.289052
0.741395
0.944782
0.925731
0.426235
0.781089
0.662114
0.193278
0.503279
0.383019
0.0865197
0.91557
0.889961
0.839812
0.849556
0.537882
0.749183
0.869456
0.0762416
0.0741897
0.363054
0.956076
0.50786
0.0758383
0.58483
0.0651137
0.391395
0.014167
0.773387
0.322198
0.335213
0.478261
0.208084
0.358402
0.0725189
0.922424
0.960718
0.669737
0.487311
0.599214
0.866585
0.603235
0.801736
0.96073
0.378371
0.192008
0.343467
0.413568
0.983396
0.345804
0.719817
0.961557
0.937749
0.705777
0.539267
0.509793
0.788777
0.616917
0.660046
0.510574
0.578666
0.774004
0.69399
0.22399
0.138139
0.0276134
0.530807
0.34288
0.949514
0.569271
0.202779
0.693853
0.926988
0.126508
0.524258
0.354066
0.410664
0.968346
0.0700253
0.355736
0.133114
0.118822
0.672762
0.481064
0.561836
0.143939
0.63765
0.675284
0.468144
0.760197
0.417823
0.179154
0.266107
0.356004
0.725056
0.410936
0.367479
0.636409
0.0328935
0.81492
0.670738
0.684179
0.856356
0.838881
0.866796
0.565357
0.755953
0.759343
0.77526
0.330353
0.209648
0.170576
0.915639
0.567595
0.179429
0.518536
0.0278472
0.944101
0.61753
0.513639
0.82357
0.829649
0.925231
0.234918
0.643233
0.42237
0.54118
0.166414
0.47464
0.0424299
0.179103
0.150664
0.526543
0.259534
0.269016
0.710006
0.435037
0.628512
0.434515
0.233611
0.905007
0.169712
0.591501
0.203749
0.776598
0.577426
0.222524
0.268615
0.199593
0.701943
0.918023
0.338258
0.800465
0.282602
0.684203
0.811304
0.128045
0.604961
0.97177
0.817973
0.361497
0.496635
0.434568
0.499988
0.284777
0.328521
0.122299
0.760398
0.0271861
0.375966
0.123597
0.892456
0.611835
0.357487
0.0623846
0.93437
0.051709
0.426441
0.290899
0.775211
0.542836
0.022803
0.659057
0.887553
0.563874
0.577771
0.249313
0.150558
0.150545
0.00288565
0.960269
0.0212035
0.431316
0.156816
0.0293579
0.648227
0.466364
0.420605
