0.610248
0.0679952
0.609119
0.00564592
0.967009
0.498825
0.549883
0.27488
0.511643
0.926817
0.722465
0.45967
0.632923
0.186407
0.122166
0.578448
0.762383
0.0224311
0.895932
0.546373
0.586535
0.578997
0.500595
0.825526
0.721732
0.49971
0.027192
0.576708
0.883236
0.545518
0.972777
0.46971
0.0796533
0.136296
0.24012
0.808039
0.864162
0.722648
0.648152
0.123936
0.173223
0.393689
0.732414
0.901181
0.785119
0.62804
0.118351
0.579974
0.928068
0.592822
0.248207
0.502396
0.0705588
0.898618
0.742149
0.952849
0.424574
0.214911
0.175909
0.95056
0.192389
0.653859
0.555589
0.950591
0.0895718
0.32725
0.27073
0.108921
0.173894
0.984069
0.807428
0.268593
0.512589
0.133946
0.00231941
0.322428
0.71865
0.563585
0.118961
0.109287
0.887265
0.651753
0.527512
0.499557
0.964415
0.389264
0.269387
0.826533
0.0777306
0.510758
0.287851
0.319468
0.862117
0.643513
0.605853
0.695181
0.31016
0.880398
0.232398
0.563891
0.179693
0.68276
0.0787072
0.805719
0.488937
0.519883
0.665334
0.574358
0.130955
0.150609
0.901578
0.0836512
0.13831
0.954283
0.718497
0.83404
0.629597
0.216224
0.836512
0.434126
0.968627
0.77517
0.449202
0.674886
0.167974
0.93759
0.104251
0.0114139
0.0677816
0.0664083
0.562914
0.109653
0.321207
0.749657
0.919279
0.613514
0.717765
0.955046
0.760674
0.788965
0.875851
0.0777917
0.650014
0.201544
0.835749
0.286813
0.711997
0.0831324
0.583941
0.0760521
0.6039
0.54445
0.0408032
0.42729
0.652425
0.289529
0.541917
0.490371
0.437727
0.988433
0.345195
0.187384
0.606189
0.964324
0.194433
0.64687
0.192633
0.35139
0.470748
0.874264
0.233894
0.37962
0.963347
0.565111
0.954344
0.942717
0.790338
0.467025
0.305124
0.105564
0.501572
0.196539
0.138188
0.707541
0.894131
0.917631
0.796167
0.717338
0.572039
0.78753
0.399518
0.496475
0.781243
0.576556
0.612537
0.627033
0.55153
0.36784
0.168615
0.460005
0.675954
0.743614
0.936888
0.0408643
0.559679
0.363811
0.810938
0.568102
0.469131
0.34373
0.2013
0.0412305
0.212745
0.33668
0.412336
0.254707
0.784722
0.727836
0.685354
0.793542
0.00268563
0.845882
0.189093
0.187262
0.671102
0.598376
0.738456
0.878414
0.300943
0.437208
0.523179
0.161321
0.917539
0.0603656
0.627613
0.748619
0.987365
0.75631
0.622395
0.119999
0.995422
0.797113
0.0101016
0.311228
0.704093
0.786767
0.805414
0.298471
0.624928
0.37083
0.0311899
0.634571
0.734581
0.213477
0.412122
0.493637
0.966216
0.64861
0.0466018
0.780145
0.507401
0.910916
0.338633
0.45851
0.435987
0.35316
0.970428
0.75988
0.72515
0.556383
0.197485
0.421857
0.148717
0.738487
0.247414
0.618
0.118381
0.368358
0.102847
0.732658
0.983337
0.39082
0.451125
0.638142
0.824549
0.969726
0.0805994
0.629688
0.274209
0.154271
0.506088
0.675314
0.391797
0.376049
0.103488
0.13596
0.128025
0.181738
0.535844
0.612995
0.408063
0.108921
0.751396
0.0784326
0.36491
0.110508
0.335368
0.945158
0.754723
0.434187
0.496353
0.232307
0.0847804
0.363262
0.468795
0.4832
0.485733
0.725181
0.612751
0.590777
0.859066
0.573656
0.992126
0.188116
0.3314
0.951109
0.712577
0.759392
0.546709
0.137211
0.800745
0.127537
0.827387
0.290262
0.905423
0.475692
0.735954
0.887112
0.602313
0.557543
0.0684225
0.868374
0.583728
0.2537
0.81045
0.894864
0.514145
0.129948
0.0875271
0.621723
0.833033
0.153508
0.640858
0.396222
0.286111
0.224158
0.859615
0.285684
0.466842
0.67568
0.901181
0.841884
0.148106
0.40437
0.93057
0.507797
0.687094
0.780908
0.0101016
0.0733055
0.282846
0.00137333
0.671072
0.0860622
0.369182
0.0344249
0.697623
0.623493
0.923399
0.81988
0.155553
0.332408
0.972106
0.87579
0.196051
0.142674
0.0758995
0.970183
0.666128
0.560717
0.0735801
0.0130009
0.056917
0.949309
0.867336
0.825556
0.821406
0.700247
0.53032
0.942503
0.592029
0.705588
0.517899
0.104038
0.330454
0.0339366
0.263131
0.59328
0.939909
0.21839
0.938932
0.0756249
0.371715
0.0616169
0.667013
0.0966521
0.757347
0.365123
0.955473
0.894162
0.596912
0.488357
0.646352
0.680837
0.535722
0.144292
0.153874
0.054384
0.759911
0.337596
0.275185
0.690268
0.542436
0.851497
0.354503
0.974181
0.970702
0.189703
0.0821558
0.730247
0.387188
0.379986
0.709464
0.701224
0.574145
0.544939
0.960906
0.936552
0.213599
0.646748
0.425031
0.745384
0.654164
0.311991
0.704917
0.369823
0.515519
0.142918
0.109592
0.035493
0.162328
0.421094
0.167974
0.535173
0.578356
0.609943
0.746147
0.00161748
0.672048
0.562395
0.0492264
0.0266732
0.545549
0.839991
0.289895
0.781823
0.757225
0.0491958
0.303262
0.297037
0.110019
0.602039
0.89111
0.554369
0.996338
0.80633
0.175268
0.551866
0.830561
0.692526
0.742546
0.99472
0.601215
0.483169
0.861354
0.769433
0.0730918
0.111026
0.552324
0.857601
0.671163
0.692312
0.793481
0.845149
0.577349
0.361309
0.641438
0.683889
0.0715659
0.372539
0.549821
0.860988
0.648
0.876797
0.666402
0.632893
0.938078
0.2772
0.389721
0.480148
0.971282
0.571612
0.96704
0.4391
0.805292
0.587573
0.414075
0.466567
0.0562151
0.51619
0.538987
0.49443
0.36079
0.65099
0.350291
0.329386
0.301187
0.738151
0.631489
0.0551469
0.824091
0.844264
0.962523
0.0924711
0.685232
0.147984
0.969939
0.573962
0.950377
0.561846
0.0867946
0.189123
0.0844142
0.590045
0.603595
0.156957
0.659536
0.329234
0.291299
0.481307
0.213477
0.0179754
0.378216
0.145787
0.290048
0.0411695
0.161321
0.404492
0.1919
0.795923
0.0337535
0.824549
0.47792
0.324931
0.209571
0.236946
0.735588
0.123875
0.926969
0.251839
0.660421
0.0286264
0.411267
0.49443
0.973052
0.588855
0.37904
0.217933
0.205237
0.834437
0.36433
0.449629
0.88699
0.840358
0.648396
0.326579
0.164251
0.996979
0.0744652
0.776757
0.380657
0.391339
0.528184
0.202277
0.652425
0.206488
0.365459
0.320933
0.969268
0.543992
0.568957
0.822077
0.85168
0.577227
0.914151
0.993042
0.0962249
0.440382
0.926481
0.972808
0.639943
0.760613
0.910764
0.788781
0.0749229
0.23838
0.834162
0.832942
0.844997
0.183569
0.343883
0.933714
0.654744
0.412366
0.700919
0.6798
0.123234
0.411939
0.910886
0.152348
0.212622
0.179052
0.833705
0.721427
0.46382
0.638508
0.552721
0.0630207
0.569597
0.0481887
0.78515
0.0536515
0.317362
0.296457
0.614399
0.697256
0.431928
0.498459
0.326334
0.742271
0.350017
0.797601
0.629994
0.144139
0.457778
0.778191
0.0444044
0.0298166
0.82226
0.395703
0.73281
0.320292
0.948454
0.83108
0.565111
0.667867
0.592792
0.174657
0.690512
0.863948
0.1648
0.347087
0.400616
0.373821
0.747551
0.161962
0.565386
0.154729
0.268746
0.938231
0.422101
0.41316
0.853511
0.56679
0.99942
0.458144
0.889645
0.439161
0.957366
0.306284
0.837642
0.143284
0.124424
0.195074
0.315531
0.333262
0.513504
0.660695
0.490799
0.679128
0.0972625
0.336375
0.309824
0.30311
0.124729
0.127903
0.596698
0.608386
0.260018
0.922269
0.552446
0.906522
0.324747
0.48558
0.68569
0.750175
0.925077
0.707022
0.706412
0.377087
0.744652
0.844447
0.413709
0.171636
0.785241
0.928404
0.109104
0.550188
0.335368
0.980468
0.566301
0.176489
0.949095
0.202277
0.0889004
0.913663
0.215522
0.791742
0.687399
0.418165
0.60094
0.542039
0.906278
0.783502
0.143956
0.880612
0.333171
0.138005
0.28605
0.50325
0.320414
0.604846
0.617481
0.260689
0.95117
0.528794
0.820917
0.453047
0.780602
0.377575
0.593402
0.188849
0.383984
0.222724
0.828181
0.964812
0.242531
0.20716
0.837306
0.122318
0.998352
0.905026
0.896908
0.337596
0.609821
0.980529
0.895627
0.800684
0.438795
0.0518815
0.36784
0.240669
0.800348
0.166601
0.693319
0.452773
0.00683615
0.794092
0.743461
0.483169
0.437635
0.742424
0.756645
0.128971
0.664815
0.904996
0.723075
0.908414
0.167425
0.243568
0.0606098
0.158086
0.664571
0.913938
0.863063
0.413617
0.598834
0.940245
0.501755
0.729392
0.801599
0.344584
0.862087
0.0943632
0.870968
0.137852
0.995849
0.599628
0.293924
0.0781579
0.471053
0.514115
0.844172
0.602985
0.200323
0.925077
0.285928
0.841639
0.0285348
0.0987274
0.916562
0.113865
0.86227
0.218574
0.977325
0.821131
0.620746
0.656148
0.465377
0.136509
0.790826
0.431684
0.376934
0.400098
0.866604
0.0205695
0.913419
0.625294
0.454909
0.161412
0.681783
0.0227973
0.328196
0.822504
0.420301
0.948759
0.205908
0.982604
0.280862
0.182318
0.545671
0.382733
0.199133
0.940397
0.12534
0.90463
0.384136
0.534013
0.697501
0.732353
0.457747
0.0744652
0.497391
0.953703
0.276345
0.133732
0.885617
0.75692
0.965026
0.766808
0.906796
0.879727
0.19599
0.801172
0.0455641
0.46617
0.2425
0.800501
0.961211
0.988403
0.839259
0.60802
0.481674
0.388592
0.380718
0.876705
0.639119
0.0982696
0.488754
0.491409
0.027192
0.090762
0.480453
0.290506
0.262368
0.622791
0.767693
0.992065
0.829524
0.822108
0.719443
0.73162
0.0938444
0.777123
0.0184942
0.117557
0.760155
0.284249
0.0434278
0.210181
0.560137
0.910459
0.307047
0.330851
0.450117
0.525681
0.482955
0.107608
0.0991546
0.96292
0.0511795
0.663228
0.94998
0.961119
0.0943327
0.352214
0.632862
0.0475784
0.275002
0.952788
0.014893
0.516251
0.526475
0.720145
0.664815
0.157598
0.487472
0.207617
0.0151067
0.897122
0.212012
0.261116
0.00299081
0.998047
0.186468
0.0942106
0.470717
0.98471
0.183813
0.849208
0.107273
0.943114
0.987732
0.550707
0.212043
0.354381
0.516404
0.858516
0.0621967
0.118046
0.378613
0.524949
0.164739
0.920652
0.392285
0.96411
0.174596
0.606403
0.0971709
0.83816
0.760002
0.706381
0.79342
0.0677816
0.196265
0.781671
0.135929
0.172796
0.969604
0.737571
0.817621
0.348735
0.171514
0.764641
0.37083
0.186285
0.966124
0.0628071
0.619953
0.439467
0.910092
0.0052797
0.815149
0.748894
0.408155
0.897824
0.979186
0.726432
0.0843837
0.989959
0.498367
0.30723
0.350444
0.894864
0.488998
0.775933
0.952696
0.0730918
0.970214
0.372509
0.778924
0.537492
0.374737
0.884884
0.706229
0.434614
0.429304
0.133732
0.770959
0.659902
0.934538
0.756523
0.442274
0.161687
0.47734
0.196112
0.280557
0.0915555
0.605731
0.301279
0.76165
0.455977
0.497879
0.444258
0.548448
0.426679
0.656514
0.562548
0.991241
0.965392
0.660146
0.0304575
0.137272
0.918851
0.501999
0.767327
0.0318918
0.241401
0.548112
0.487991
0.591693
0.500351
0.645924
0.502243
0.830988
0.320933
0.414319
0.96942
0.723594
0.926969
0.246864
0.0140996
0.479965
0.433393
0.0588092
0.609821
0.522233
0.0472427
0.309793
0.635884
0.937193
0.832759
0.332987
0.0150761
0.689444
0.197333
0.502304
0.33723
0.375378
0.75454
0.268532
0.875301
0.799646
0.720176
0.596149
0.400555
0.154546
0.497848
0.831416
0.702811
0.0851161
0.610279
0.533647
0.221656
0.419355
0.632435
0.300607
0.69573
0.846248
0.283151
0.119053
0.23545
0.322001
0.330729
0.272195
0.726066
0.486404
0.469863
0.33491
0.966887
0.869747
0.824854
0.288095
0.453078
0.172369
0.236579
0.283547
0.20658
0.397595
0.988617
0.0901517
0.561571
0.119327
0.129063
0.753471
0.311777
0.666005
0.044557
0.498886
0.125095
0.501175
0.442213
0.410688
0.632008
0.583483
0.39613
0.917447
0.0942717
0.985504
0.614643
0.615284
0.0597858
0.554247
0.58446
0.460555
0.910123
0.893765
0.7481
0.862636
0.706687
0.450972
0.370586
0.708396
0.242256
0.986663
0.252144
0.849879
0.703757
0.212256
0.942503
0.0855129
0.85229
0.87405
0.613605
0.167394
0.127537
0.0655232
0.246895
0.864711
0.581896
0.0501724
0.291025
0.615192
0.0508438
0.374462
0.446669
0.795923
0.466353
0.55388
0.734428
0.144169
0.718497
0.111789
0.502487
0.36021
0.972686
0.25367
0.529557
0.422742
0.847926
0.956908
0.880123
0.64864
0.362865
0.758019
0.667623
0.0280465
0.0552995
0.0184637
0.382336
0.866146
0.182318
0.950285
0.939787
0.262551
0.40611
0.182226
0.106021
0.460402
0.873012
0.149052
0.456557
0.595233
0.0908536
0.0834681
0.524125
0.875912
0.511795
0.893368
0.292581
0.728172
0.226051
0.704825
0.692709
0.932646
0.673696
0.35255
0.255928
0.287851
0.779839
0.598804
0.582995
0.830226
0.420209
0.361766
0.782769
0.141636
0.622852
0.735588
0.538438
0.776574
0.412549
0.0818812
0.956786
0.339122
0.70397
0.975616
0.856716
0.242042
0.149907
0.284768
0.653829
0.678549
0.351054
0.16715
0.496689
0.838191
0.332865
0.263405
0.811396
0.898221
0.69686
0.869198
0.910611
0.82165
0.351482
0.366985
0.823176
0.492935
0.229652
0.698813
0.000915555
0.223151
0.898709
0.161229
0.0584735
0.155339
0.469131
0.304025
0.202551
0.601489
0.708609
0.213416
0.507004
0.842433
0.767113
0.961425
0.689779
0.422101
0.419752
0.502518
0.548082
0.466781
0.233345
0.7987
0.708152
0.0613117
0.56328
0.454421
0.845424
0.213141
0.78634
0.642506
0.0318308
0.435194
0.676443
0.602161
0.366497
0.47972
0.32902
0.490921
0.545396
0.253243
0.540635
0.870876
0.527238
0.444685
0.0496536
0.611225
0.950896
0.897549
0.544908
0.488083
0.461379
0.257485
0.847621
0.262551
0.599963
0.926542
0.174017
0.518876
0.415174
0.855251
0.883969
0.0434278
0.450758
0.203925
0.621967
0.0259713
0.266732
0.404279
0.257515
0.86462
0.15006
0.65273
0.530015
0.855068
0.170751
0.366436
0.805444
0.546556
0.240272
0.633931
0.850185
0.044557
0.327891
0.190466
0.0290841
0.0422071
0.491531
0.950652
0.833399
0.861354
0.879391
0.628498
0.144841
0.284677
0.358501
0.476882
0.142766
0.460341
0.926511
0.677328
0.259713
0.659719
0.5627
0.41142
0.0920438
0.17008
0.675192
0.145024
0.672323
0.103549
0.799402
0.156835
0.00869778
0.402722
0.705496
0.842189
0.298593
0.825495
0.569597
0.823389
0.722251
0.189093
0.366192
0.398328
0.222541
0.655538
0.13715
0.357768
0.177587
0.33903
0.294198
0.703391
0.37199
0.0170904
0.610736
0.297189
0.173284
0.226447
0.0592364
0.97409
0.319529
0.524674
0.150945
0.148228
0.224769
0.199469
0.933287
0.445265
0.208106
0.206305
0.302225
0.390698
0.552782
0.61568
0.785058
0.686514
0.801874
0.351573
0.450056
0.106632
0.196356
0.502152
0.0996429
0.543229
0.662038
0.983947
0.402783
0.234107
0.251473
0.840724
0.123051
0.703391
0.447523
0.958586
0.0988495
0.446181
0.234046
0.478072
0.131626
0.888668
0.340861
0.684988
0.438673
0.654805
0.568377
0.660878
0.826624
0.67101
0.598895
0.474593
0.241768
0.139744
0.200293
0.196051
0.853816
0.913968
0.228614
0.513535
0.328745
0.302469
0.335643
0.235817
0.44789
0.839106
0.787927
0.460219
0.728355
0.0450758
0.303323
0.687918
0.202124
0.717521
0.31135
0.667959
0.00943022
0.774132
0.543718
0.250679
0.962859
0.18601
0.360942
0.0326548
0.738151
0.029603
0.721946
0.0733055
0.848903
0.188788
0.201972
0.46556
0.0597552
0.738914
0.966124
0.0409253
0.396283
0.543565
0.103732
0.990783
0.405866
0.0955535
0.230689
0.684774
0.827662
0.133213
0.765374
0.467971
0.326304
0.0633259
0.784692
0.717399
0.446852
0.722098
0.866573
0.940062
0.446272
0.504959
0.824915
0.192755
0.158361
0.39729
0.743431
0.605853
0.548235
0.936186
0.214393
0.291391
0.112003
0.635395
0.189123
0.417646
0.779138
0.904569
0.345531
0.730613
0.472335
0.9935
0.379894
0.304025
0.982299
0.993439
0.128452
0.799554
0.313089
0.425886
0.925596
0.0173345
0.154424
0.45085
0.104251
0.0195013
0.637043
0.225288
0.0455641
0.606525
0.0277718
0.443373
0.683279
0.428907
0.520188
0.589435
0.869564
0.514573
0.777123
0.935148
0.508438
0.493576
0.381481
0.81225
0.863186
0.301401
0.85165
0.191565
0.943449
0.641896
0.37727
0.100406
0.37904
0.991394
0.932249
0.908505
0.686178
0.424848
0.920865
0.0148015
0.332347
0.0459304
0.0133061
0.96585
0.50679
0.30134
0.327067
0.53676
0.001648
0.961455
0.609973
0.806726
0.111209
0.0481887
0.581774
0.759575
0.954741
0.491562
0.0899075
0.441237
0.129307
0.795495
0.236244
0.204901
0.0992767
0.495132
0.130528
0.0754112
0.228095
0.686453
0.427045
0.764122
0.858882
0.408765
0.301004
0.365123
0.3502
0.162877
0.0202338
0.264748
0.473403
0.344432
0.769219
0.294931
0.0769982
0.87521
0.881008
0.661977
0.425275
0.81225
0.133824
0.682119
0.116916
0.217536
0.268258
0.854823
0.989898
0.0679647
0.381359
0.305399
0.918821
0.488052
0.354137
0.12775
0.911496
0.0858181
0.9682
0.659047
0.410077
0.673879
0.868465
0.217017
0.204016
0.156011
0.0274667
0.331675
0.860134
0.861476
0.868343
0.00207526
0.0768456
0.107456
0.701437
0.0101016
0.868496
0.271645
0.63271
0.821925
0.985626
0.155461
0.598102
0.108402
0.478256
0.919828
0.681814
0.416547
0.807855
0.374279
0.373516
0.0216987
0.414197
0.901028
0.921781
0.493423
0.143895
0.794855
0.438795
0.00503555
0.446181
0.300272
0.914121
0.918821
0.742729
0.127445
0.792016
0.67748
0.877407
0.727561
0.270211
0.534135
0.0525529
0.109348
0.975311
0.150761
0.157628
0.478042
0.171056
0.597522
0.896817
0.477432
0.156926
0.78341
0.62157
0.317209
0.011475
0.850063
0.274728
0.565844
0.338328
0.559496
0.352
0.891079
0.169897
0.207312
0.287332
0.528733
0.686026
0.0926237
0.168279
0.761315
0.902799
0.0757164
0.188025
0.18775
0.988769
0.254921
0.739464
0.0653096
0.364147
0.293924
0.558519
0.504959
0.239509
0.430708
0.822474
0.801599
0.750175
0.699271
0.609485
0.680227
0.34254
0.395581
0.625721
0.739586
0.568651
0.319041
0.606464
0.873989
0.945311
0.820307
0.297098
0.955168
0.0335398
0.18717
0.420606
0.554949
0.395611
0.39967
0.5374
0.990539
0.584582
0.785394
0.204321
0.472732
0.823725
0.606464
0.33845
0.639546
0.531632
0.109622
0.192297
0.255379
0.349101
0.0702231
0.846675
0.357738
0.824427
0.361644
0.627155
0.632252
0.412793
0.581408
0.350993
0.297617
0.946959
0.265206
0.810083
0.281503
0.234169
0.720023
0.396466
0.968719
0.93704
0.00759911
0.276894
0.302805
0.393139
0.109684
0.022309
0.522721
0.530869
0.806055
0.0986969
0.315012
0.537034
0.296579
0.125401
0.663778
0.432569
0.099002
0.307566
0.178747
0.212836
0.253121
0.948363
0.183477
0.70864
0.362774
0.447523
0.344218
0.82403
0.507218
0.692862
0.121189
0.307535
0.55269
0.250069
0.823634
0.712668
0.89581
0.258065
0.549058
0.704245
0.169591
0.435286
0.789056
0.366497
0.943999
0.103824
0.982177
0.669729
0.951384
0.637318
0.795038
0.750938
0.868984
0.238807
0.4138
0.165532
0.189154
0.455245
0.626148
0.765984
0.208747
0.334056
0.975646
0.363292
0.668905
0.629048
0.769768
0.828486
0.0762658
0.961028
0.222663
0.789239
0.237648
0.340037
0.513688
0.578967
0.0381176
0.955016
0.0435499
0.593738
0.995086
0.637043
0.668783
0.713797
0.61858
0.903348
0.195807
0.94586
0.109775
0.986847
0.916593
0.942137
0.428449
0.758782
0.465804
0.552843
0.26075
0.950102
0.782128
0.0679342
0.919004
0.577685
0.453963
0.304697
0.703787
0.982177
0.23133
0.197119
0.760857
0.383282
0.985015
0.0437025
0.962828
0.358837
0.894009
0.0694906
0.847926
0.154057
0.143071
0.458968
0.146397
0.227088
0.91113
0.515793
0.926267
0.93704
0.931822
0.105869
0.889126
0.780908
0.407788
0.0397046
0.848018
0.0858181
0.559587
0.550676
0.917905
0.56209
0.590716
0.524979
0.450301
0.624256
0.349681
0.640065
0.243507
0.885922
0.470962
0.0672933
0.0591754
0.734397
0.275338
0.895627
0.97702
0.392071
0.211524
0.931578
0.618458
0.369945
0.119999
0.0333567
0.770959
0.720359
0.100131
0.633686
0.443617
0.994507
0.262459
0.608448
0.886044
0.311472
0.146702
0.147649
0.600879
0.444777
0.0870388
0.784326
0.882351
0.332743
0.306131
0.237709
0.910825
0.919004
0.0186163
0.227638
0.935789
0.729118
0.325907
0.915311
0.577532
0.0900601
0.182958
0.127598
0.779595
0.398572
0.218787
0.0209662
0.442457
0.343974
0.691763
0.340526
0.270577
0.493271
0.360515
0.931669
0.863216
0.142918
0.552812
0.659383
0.580676
0.84518
0.212256
0.392499
0.217536
0.513779
0.205206
0.208258
0.013245
0.516739
0.668508
0.474013
0.0322886
0.661122
0.679525
0.962066
0.444563
0.476882
0.0296335
0.654012
0.737297
0.705832
0.382794
0.39079
0.390149
0.401685
0.599567
0.024659
0.0441298
0.548082
0.508927
0.229377
0.696219
0.600085
0.908353
0.624683
0.950285
0.855861
0.0736412
0.371929
0.856136
0.0647908
0.559954
0.896084
0.367718
0.178014
0.574755
0.891446
0.951689
0.648
0.704794
0.266396
0.377209
0.182775
0.277291
0.18424
0.21955
0.362163
0.137547
0.855708
0.106845
0.0208136
0.12363
0.239631
0.242866
0.805811
0.0196234
0.308542
0.236213
0.813715
0.268685
0.0342418
0.767388
0.714347
0.226966
0.751091
0.125095
0.267037
0.240028
0.0517289
0.142918
0.635731
0.322611
0.873074
0.567553
0.408918
0.723136
0.927213
0.389966
0.731376
0.154393
0.134861
0.170721
0.452986
0.971404
0.216803
0.890835
0.701834
0.0776086
0.0995514
0.358837
0.78695
0.841365
0.292215
0.706259
0.837703
0.802698
0.889828
0.00189215
0.0856349
0.452925
0.36021
0.516648
0.195227
0.867733
0.770135
0.669881
0.549486
0.474471
0.607196
0.188665
0.897275
0.73629
0.853725
0.511399
0.267678
0.0328684
0.468703
0.966491
0.558916
0.520035
0.934538
0.757805
0.706504
0.248939
0.0239265
0.288186
0.838404
0.326365
0.444411
0.851924
0.32252
0.39729
0.515336
0.227363
0.112857
0.230964
0.53502
0.201972
0.301035
0.691671
0.993042
0.559313
0.279
0.875668
0.28486
0.560747
0.419233
0.69512
0.0844752
0.452498
0.679037
0.690909
0.0314341
0.0290841
0.0344859
0.354961
0.888913
0.784997
0.151311
0.743584
0.82815
0.68511
0.197638
0.663198
0.996857
0.0858791
0.206244
0.209479
0.026307
0.838008
0.891385
0.941435
0.634785
0.101718
0.327067
0.471175
0.98236
0.906919
0.393262
0.751274
0.934507
0.987793
0.395428
0.840449
0.889645
0.924894
0.764397
0.429182
0.327738
0.124546
0.242439
0.906125
0.735649
0.667806
0.462294
0.246956
0.0657369
0.559252
0.32432
0.506668
0.383984
0.408185
0.0794702
0.196631
0.863704
0.0720237
0.523118
0.327769
0.781335
0.294229
0.20661
0.4008
0.670309
0.867519
0.0726341
0.125156
0.289529
0.353618
0.420789
0.147618
0.562365
0.891171
0.609149
0.572069
0.142705
0.12244
0.398846
0.551195
0.764244
0.770745
0.347118
0.732109
0.0290841
0.899167
0.155644
0.836451
0.792352
0.38255
0.380108
0.156652
0.798273
0.623402
0.407361
0.249428
0.724845
0.0430921
0.106418
0.607776
0.292978
0.380016
0.0596332
0.592608
0.595996
0.325266
0.779992
0.405744
0.306436
0.527848
0.821131
0.384747
0.91583
0.499863
0.186102
0.401654
0.664113
0.453719
0.941465
0.646229
0.314554
0.601917
0.442244
0.575213
0.43083
0.951292
0.0748314
0.309153
0.312174
0.122227
0.923765
0.257302
0.242927
0.225013
0.268075
0.252632
0.213019
0.323618
0.314737
0.97766
0.76516
0.518998
0.0739769
0.962706
0.125248
0.18244
0.783868
0.937498
0.272591
0.370922
0.789666
0.817652
0.105319
0.955016
0.284921
0.107181
0.358043
0.491012
0.819697
0.998169
0.427686
0.368786
0.98291
0.949004
0.763726
0.265786
0.164525
0.0224311
0.979156
0.439161
0.804529
0.764641
0.338389
0.887173
0.0337535
0.906369
0.778497
0.91055
0.114231
0.667928
0.11951
0.106143
0.584277
0.948637
0.621021
0.322855
0.514847
0.18244
0.540086
0.611988
0.783746
0.140904
0.847987
0.702994
0.773339
0.464339
0.760826
0.0357982
0.398663
0.203101
0.241249
0.881191
0.871639
0.149724
0.127049
0.579821
0.107852
0.243355
0.042787
0.432417
0.182409
0.827601
0.751
0.270913
0.740623
0.0432752
0.0990936
0.242836
0.770012
0.137211
0.21839
0.839808
0.640065
0.968139
0.130894
0.701193
0.815851
0.491073
0.421003
0.224769
0.151341
0.501877
0.127537
0.515091
0.169591
0.422285
0.51323
0.700766
0.234993
0.407514
0.866634
0.152623
0.0247505
0.55736
0.994415
0.633076
0.205206
0.51204
0.558458
0.908628
0.719504
0.213904
0.915708
0.85638
0.593036
0.116733
0.615589
0.596088
0.662404
0.623188
0.212256
0.67864
0.13477
0.0322581
0.547472
0.862667
0.383251
0.777795
0.160161
0.510025
0.885189
0.238899
0.979766
0.131932
0.708884
0.904386
0.958373
0.116672
0.455824
0.171545
0.799097
0.169958
0.0638447
0.561235
0.435926
0.499832
0.378216
0.629994
0.422407
0.276589
0.896298
0.360942
0.883938
0.399579
0.592334
0.314097
0.191626
0.10184
0.228675
0.318125
0.0124821
0.42378
0.0596026
0.983917
0.893155
0.087405
0.333659
0.821986
0.0328074
0.802057
0.50148
0.244667
0.402264
0.533036
0.534715
0.234046
0.864345
0.76458
0.26249
0.957366
0.452925
0.287851
0.131993
0.110782
0.466475
0.546068
0.298685
0.273354
0.531999
0.0668661
0.4532
0.0512711
0.29603
0.0146184
0.29075
0.295022
0.899045
0.392346
0.0292062
0.169805
0.888913
0.92581
0.882504
0.360637
0.730613
0.160161
0.895016
0.193609
0.567309
0.801233
0.0439467
0.954527
0.390027
0.831355
0.0152593
0.185553
0.271676
0.432752
0.55974
0.242347
0.821741
0.248268
0.835353
0.891629
0.517869
0.0112918
0.642354
0.231208
0.0708945
0.0762658
0.956969
0.713736
0.478988
0.880703
0.6704
0.554765
0.927885
0.869991
0.938963
0.307352
0.192572
0.916654
0.051912
0.88345
0.697867
0.764672
0.223121
0.804163
0.892605
0.530625
0.212653
0.959563
0.0952788
0.792718
0.184942
0.659658
0.466353
0.298776
0.709342
0.257454
0.263466
0.825007
0.309488
0.125828
0.0367443
0.215827
0.46794
0.268746
0.919126
0.137303
0.491989
0.348888
0.669149
0.574023
0.146977
0.412366
0.621723
0.601764
0.46379
0.0918607
0.203406
0.466872
0.625843
0.569781
0.168279
0.503189
0.343089
0.0821863
0.211005
0.918363
0.617969
0.245155
0.112766
0.980529
0.310678
0.984527
0.0770287
0.636555
0.409192
0.350475
0.410627
0.093234
0.410779
0.99826
0.207129
0.392682
0.72103
0.615741
0.188269
0.512803
0.476791
0.0801721
0.359691
0.0249336
0.698965
0.624073
0.637715
0.838954
0.182043
0.792352
0.102725
0.0675069
0.0256966
0.471877
0.0360424
0.541185
0.215644
0.774407
0.396008
0.00439467
0.159398
0.0541093
0.889981
0.525193
0.5833
0.841517
0.298074
0.148289
0.697134
0.974273
0.205329
0.324198
0.0328379
0.706839
0.798212
0.144536
0.862941
0.0796228
0.88171
0.915464
0.605396
0.329356
0.773553
0.10004
0.12125
0.621479
0.231727
0.161473
0.310831
0.886349
0.0710471
0.337199
0.915159
0.0400098
0.625935
0.876705
0.928709
0.371136
0.714621
0.772729
0.529649
0.37492
0.262062
0.518601
0.934019
0.815851
0.236976
0.921598
0.0798669
0.300058
0.0596332
0.50441
0.54796
0.138798
0.136814
0.525956
0.624592
0.78399
0.679586
0.152226
0.913785
0.61745
0.46086
0.809076
0.404187
0.37492
0.668569
0.247627
0.397443
0.98587
0.510758
0.354137
0.204108
0.110904
0.728813
0.234962
0.0134587
0.157414
0.675253
0.608295
0.843257
0.0550859
0.112278
0.0338145
0.975829
0.572527
0.387127
0.0114444
0.78695
0.455794
0.140568
0.480453
0.373394
0.171117
0.205237
0.750267
0.885556
0.531632
0.849208
0.394086
0.971221
0.9906
0.0216681
0.136876
0.237465
0.88171
0.757134
0.26841
0.135777
0.388073
0.393536
0.613117
0.177648
0.520798
0.761528
0.587939
0.886258
0.888546
0.000244148
0.379131
0.39079
0.539506
0.156957
0.769494
0.0698263
0.656972
0.22541
0.647389
0.14948
0.389355
0.780328
0.728477
0.662954
0.596454
0.863826
0.521622
0.677755
0.793023
0.279946
0.0703757
0.196692
0.0705588
0.953673
0.500748
0.639058
0.279397
0.510514
0.907224
0.30784
0.251137
0.73336
0.607685
0.74984
0.343913
0.0522477
0.298807
0.414472
0.0908231
0.723716
0.143254
0.517594
0.233467
0.85577
0.319315
0.516861
0.920957
0.934935
0.0652181
0.104282
0.356792
0.0113529
0.748558
0.123173
0.673879
0.198584
0.992157
0.314585
0.319437
0.643696
0.388379
0.300394
0.730918
0.624714
0.832148
0.709067
0.584124
0.93115
0.00427259
0.84991
0.394879
0.183813
0.0369274
0.842647
0.755638
0.250587
0.891537
0.608356
0.987732
0.413923
0.48085
0.627735
0.491256
0.44673
0.0667745
0.873531
0.573229
0.252571
0.964507
0.822657
0.0357067
0.226722
0.0844142
0.955016
0.304666
0.993927
0.34373
0.644673
0.381451
0.679647
0.477889
0.850002
0.397443
0.370617
0.283792
0.508621
0.0537431
0.921079
0.826197
0.0440992
0.726737
0.76104
0.637867
0.88992
0.520859
0.862667
0.445326
0.437178
0.0501419
0.521195
0.451216
0.312876
0.229194
0.10654
0.70455
0.393933
0.855464
0.441786
0.590045
0.464156
0.263527
0.964965
0.967925
0.919919
0.833155
0.33021
0.995361
0.43086
0.631977
0.604785
0.160649
0.962157
0.974151
0.717704
0.561876
0.0638752
0.176336
0.316996
0.96054
0.834956
0.292367
0.691183
0.642048
0.466231
0.107242
0.911344
0.614246
0.770806
0.172582
0.850429
0.174749
0.60625
0.164159
0.235603
0.378948
0.596026
0.342875
0.390057
0.439436
0.0558794
0.400678
0.820521
0.588549
0.531541
0.472365
0.306619
0.434797
0.85406
0.594653
0.648885
0.345073
0.118809
0.393872
0.730552
0.882931
0.494858
0.283303
0.0504776
0.835261
0.270394
0.951628
0.383129
0.857936
0.0408643
0.423444
0.721335
0.271737
0.445936
0.473739
0.158757
0.0401318
0.361461
0.676565
0.868282
0.45967
0.952849
0.870113
0.831782
0.594806
0.495956
0.31901
0.478683
0.987915
0.372021
0.35493
0.888577
0.676046
0.142125
0.777215
0.714713
0.0455336
0.108768
0.794336
0.484512
0.555803
0.269295
0.787713
0.433058
0.863399
0.0685446
0.679098
0.526231
0.377758
0.856624
0.18247
0.829432
0.780175
0.457656
0.722312
0.878384
0.53618
0.756493
0.298837
0.207953
0.934141
0.709067
0.0819727
0.695761
0.67983
0.68276
0.0149236
0.875912
0.579363
0.53328
0.208777
0.880398
0.340892
0.323954
0.409558
0.163091
0.0271004
0.0939665
0.318552
0.663594
0.18891
0.581652
0.0475784
0.566485
0.212378
0.308939
0.490127
0.312815
0.909665
0.933744
0.88992
0.0195929
0.88525
0.275704
0.38786
0.963897
0.709037
0.922605
0.828791
0.287271
0.427137
0.822443
0.609333
0.577868
0.441969
0.768609
0.847835
0.484909
0.292489
0.183599
0.65804
0.0232246
0.366375
0.108097
0.807306
0.723258
0.0749229
0.800928
0.541002
0.282846
0.52208
0.857021
0.854183
0.877773
0.198828
0.24897
0.991485
0.785974
0.73455
0.198828
0.457289
0.4832
0.235633
0.286081
0.316477
0.86523
0.243995
0.698172
0.0675985
0.753227
0.845302
0.0300607
0.869625
0.338816
0.959258
0.538743
0.403272
0.724784
0.342662
0.259011
0.148625
0.217444
0.336558
0.886959
0.359783
0.527726
0.888882
0.837092
0.518113
0.536271
0.883602
0.379894
0.545213
0.779412
0.30784
0.265267
0.557054
0.312082
0.288278
0.738914
0.44023
0.104007
0.527604
0.357219
0.0316782
0.625233
0.172826
0.507614
0.183386
0.777367
0.646657
0.0398877
0.492935
0.826777
0.472518
0.915372
0.981292
0.49617
0.625507
0.27955
0.499252
0.870327
0.439619
0.865413
0.143559
0.272744
0.602985
0.132328
0.464125
0.76925
0.272317
0.0482498
0.743278
0.454543
0.837672
0.920194
0.128819
0.178625
0.368725
0.179968
0.901852
0.868557
0.27427
0.531541
0.660115
0.102298
0.205573
0.365337
0.699362
0.0908841
0.73516
0.847133
0.372631
0.724876
0.842311
0.586291
0.709677
0.841487
0.736534
0.290841
0.0769677
0.368816
0.0498672
0.314982
0.160558
0.503281
0.930052
0.505356
0.051973
0.576373
0.0646992
0.252388
0.718986
0.767144
0.169134
0.153081
0.642537
0.316721
0.96765
0.19129
0.900937
0.401074
0.200446
0.841823
0.482284
0.317972
0.687643
0.00466933
0.106998
0.144932
0.980193
0.175573
0.341166
0.524094
0.63097
0.759056
0.282235
0.729972
0.615528
0.930387
0.598193
0.677114
0.934935
0.952666
0.201453
0.0231635
0.93112
0.355022
0.338939
0.0240181
0.346782
0.87878
0.379254
0.297037
0.66039
0.596881
0.078402
0.148839
0.727775
0.114017
0.605365
0.62389
0.26194
0.252602
0.108524
0.929716
0.181799
0.131626
0.104587
0.395611
0.361156
0.0440687
0.47087
0.620777
0.809626
0.0397351
0.322184
0.968017
0.816279
0.619007
0.554247
0.059389
0.087466
0.444594
0.333781
0.430372
0.410047
0.476791
0.317515
0.998077
0.871181
0.438948
0.880795
0.500198
0.166082
0.0192877
0.137089
0.561449
0.0249336
0.715262
0.0302438
0.542405
0.290201
0.726646
0.279611
0.828455
0.675405
0.80398
0.460341
0.714103
0.736961
0.457991
0.999664
0.539262
0.0902738
0.436903
0.370251
0.233985
0.400891
0.877316
0.262368
0.927335
0.182531
0.035371
0.0154729
0.777062
0.933012
0.00412
0.0911588
0.676412
0.639149
0.323588
0.868007
0.993866
0.182257
0.889431
0.5403
0.00256355
0.6751
0.0668661
0.401288
0.155278
0.261818
0.416181
0.29255
0.861385
0.412122
0.935057
0.500595
0.921995
0.240577
0.225471
0.881954
0.279702
0.882839
0.490463
0.498093
0.238868
0.459487
0.767022
0.541337
0.812891
0.659413
0.301645
0.832972
0.354717
0.473067
0.475021
0.675039
0.126774
0.10773
0.181249
0.33668
0.966674
0.61568
0.0689718
0.956664
0.704672
0.266091
0.549577
0.14301
0.4897
0.192999
0.979492
0.0514542
0.679434
0.349193
0.922636
0.223273
0.451338
0.298502
0.898953
0.964354
0.790521
0.87701
0.52562
0.546495
0.0109256
0.254677
0.45732
0.0122074
0.465926
0.428724
0.0310984
0.864467
0.60445
0.679647
0.0231025
0.421888
0.0293283
0.0216376
0.422346
0.122013
0.713767
0.178381
0.628895
0.552477
0.0320444
0.115116
0.981536
0.492141
0.761376
0.659261
0.0222175
0.743339
0.710105
0.239418
0.402997
0.0361034
0.129795
0.275399
0.841487
0.786493
0.56621
0.24955
0.0317392
0.988739
0.306253
0.991089
0.916501
0.0243843
0.0768456
0.204382
0.226508
0.668264
0.152013
0.773095
0.694418
0.0726646
0.524338
0.870327
0.848048
0.0119022
0.297128
0.407239
0.79049
0.167516
0.953734
0.850429
0.872524
0.73574
0.659749
0.939756
0.663869
0.138615
0.254982
0.338084
0.129704
0.119877
0.0908231
0.743553
0.418317
0.00668355
0.369915
0.49617
0.166326
0.418744
0.14359
0.209784
0.72805
0.206061
0.624287
0.460707
0.234352
0.896176
0.968078
0.0641804
0.888516
0.432539
0.184698
0.970031
0.404096
0.485427
0.330546
0.308542
0.992096
0.115818
0.640919
0.618397
0.802759
0.0746178
0.758293
0.786981
0.229011
0.51738
0.712485
0.73516
0.977508
0.4167
0.808893
0.377422
0.313059
0.452925
0.0811487
0.888516
0.383862
0.664602
0.464827
0.8081
0.0323191
0.640156
0.347667
0.0144658
0.998993
0.53148
0.653188
0.0987884
0.925047
0.671438
0.113865
0.170751
0.0598773
0.075808
0.889889
0.6274
0.0802942
0.611438
0.189764
0.915738
0.926786
0.111545
0.0494095
0.821131
0.0639363
0.219672
0.925504
0.312143
0.0712302
0.243294
0.259377
0.473159
0.969298
0.798425
0.668386
0.556322
0.189673
0.526536
0.919889
0.683828
0.592822
0.66509
0.345012
0.231819
0.44145
0.752617
0.84817
0.427198
0.735099
0.250008
0.168187
0.188482
0.812281
0.35902
0.548112
0.742363
0.626514
0.819178
0.469039
0.0462966
0.602374
0.964568
0.604846
0.549852
0.477981
0.82168
0.653951
0.324259
0.0398267
0.529405
0.204108
0.0931425
0.156835
0.862636
0.286721
0.194342
0.018952
0.140385
0.77694
0.00497452
0.98761
0.300546
0.29548
0.860408
0.963378
0.421064
0.769097
0.998749
0.677664
0.47029
0.304819
0.561968
0.814447
0.56682
0.535661
0.184912
0.368145
0.530442
0.0927152
0.203375
0.144505
0.00518815
0.360637
0.0125736
0.809717
0.936186
0.172643
0.60744
0.395184
0.680868
0.601245
0.835597
0.663259
0.53676
0.500626
0.394513
0.240638
0.965941
0.957671
0.10419
0.925748
0.298349
0.307108
0.486312
0.075808
0.194922
0.86755
0.181341
0.480941
0.65154
0.0542314
0.23487
0.629871
0.825251
0.0254219
0.784143
0.775323
0.464095
0.517685
0.176397
0.704184
0.22187
0.0273751
0.0501419
0.618732
0.638539
0.993774
0.41026
0.0359203
0.0680258
0.140477
0.228919
0.110141
0.334819
0.631428
0.602802
0.286203
0.399915
0.197333
0.998383
0.68862
0.818049
0.889401
0.616291
0.153356
0.267098
0.615741
0.40611
0.308786
0.931059
0.117954
0.762841
0.611194
0.0176092
0.542924
0.435987
0.741997
0.192053
0.266396
0.683279
0.272347
0.208106
0.12537
0.199316
0.00173956
0.517441
0.71456
0.851131
0.876522
0.138981
0.903317
0.751457
0.894742
0.569231
0.230171
0.701376
0.903775
0.0146184
0.330027
0.533097
0.696493
0.727866
0.0509049
0.384503
0.312784
0.728477
0.416639
0.43672
0.952208
0.68981
0.0911893
0.145421
0.404218
0.273141
0.501511
0.498032
0.402478
0.690237
0.274453
0.327189
0.808863
0.77575
0.14481
0.212287
0.0341197
0.350658
0.99002
9.15555e-05
0.601032
0.157933
0.148045
0.475784
0.25605
0.151646
0.67513
0.215552
0.53676
0.421064
0.698599
0.152196
0.199805
0.530412
0.522172
0.884854
0.417158
0.556322
0.63921
0.264016
0.145573
0.603412
0.310434
0.283242
0.576678
0.079928
0.862575
0.808954
0.0728782
0.514176
0.363384
0.178808
0.496353
0.193335
0.830805
0.2013
0.336344
0.405835
0.630543
0.586261
0.5421
0.568316
0.220069
0.338542
0.466506
0.0187994
0.894467
0.14594
0.827998
0.757103
0.690054
0.292398
0.095584
0.91348
0.10303
0.12772
0.204596
0.227546
0.778436
0.625568
0.00827052
0.317789
0.826228
0.0599384
0.372204
0.0234077
0.920499
0.332926
0.317515
0.599994
0.838252
0.983215
0.119083
0.049379
0.593677
0.408063
0.765252
0.366222
0.82458
0.329325
0.684835
0.981201
0.586963
0.034608
0.148259
0.183172
0.213965
0.425336
0.248573
0.800928
0.395642
0.402661
0.868923
0.92584
0.135533
0.622303
0.542375
0.95706
0.740654
0.150151
0.61092
0.749992
0.500687
0.0491958
0.589312
0.149663
0.213111
0.429395
0.140202
0.690054
0.210181
0.991913
0.567034
0.740593
0.0440077
0.598315
0.230567
0.881527
0.486312
0.897031
0.79577
0.788537
0.998627
0.536943
0.71456
0.408856
0.329691
0.000854518
0.851772
0.709281
0.395947
0.588824
0.6592
0.777978
0.101444
0.583331
0.805536
0.560808
0.253487
0.127415
0.666829
0.013947
0.230262
0.846797
0.585162
0.95349
0.556597
0.747459
0.30079
0.383709
0.0442824
0.419965
0.464522
0.585192
0.653005
0.0814234
0.636311
0.743675
0.728263
0.486923
0.676595
0.401471
0.772454
0.240944
0.936247
0.512284
0.405499
0.540941
0.151738
0.380718
0.671133
0.883175
0.451796
0.267891
0.345012
0.763359
0.381085
0.944365
0.401288
0.902158
0.348399
0.971313
0.293405
0.0275887
0.404523
0.991913
0.205725
0.745323
0.756493
0.813318
0.932066
0.52794
0.924375
0.561174
0.537309
0.354839
0.947142
0.687551
0.458937
0.0335398
0.54329
0.113529
0.203528
0.734062
0.633045
0.288064
0.295877
0.767296
0.127873
0.443892
0.635975
0.138859
0.394177
0.831996
0.920499
0.909665
0.296701
0.215918
0.284982
0.894101
0.228614
0.407086
0.823176
0.727744
0.0337535
0.122257
0.139073
0.835047
0.228278
0.94467
0.58916
0.32902
0.426679
0.669668
0.369488
0.373669
0.379772
0.816889
0.105564
0.0404065
0.529923
0.589068
0.0997345
0.190222
0.490097
0.0597552
0.893521
0.412061
0.353221
0.870815
0.30018
0.549486
0.237526
0.220588
0.564928
0.846278
0.974822
0.424818
0.807489
0.242286
0.347301
0.830714
0.404767
0.851436
0.779687
0.365764
0.4691
0.15183
0.892422
0.503037
0.0780358
0.920927
0.822779
0.923093
0.413007
0.445143
0.719443
0.654897
0.461745
0.037019
0.317454
0.976348
0.44203
0.389477
0.999329
0.855617
0.601917
0.799829
0.248695
0.215186
0.553453
0.793695
0.903104
0.799066
0.79574
0.181036
0.111301
0.924741
0.583636
0.0746788
0.402661
0.901425
0.798517
0.903165
0.773309
0.395428
0.977325
0.948851
0.196692
0.523881
0.155705
0.442976
0.464095
0.958525
0.682394
0.748314
0.761284
0.820215
0.659963
0.660909
0.887906
0.645955
0.169286
0.362499
0.525742
0.209326
0.933164
0.0545061
0.461898
0.475692
0.57564
0.80459
0.173437
0.473251
0.133427
0.637776
0.679586
0.361797
0.975555
0.402692
0.0675985
0.479446
0.787194
0.444655
0.599017
0.649617
0.774468
0.616413
0.801965
0.528642
0.746178
0.658254
0.45613
0.275918
0.228462
0.478286
0.876675
0.327433
0.269417
0.364605
0.402966
0.554064
0.0888699
0.660115
0.498978
0.585986
0.230476
0.931639
0.370983
0.584155
0.371838
0.164342
0.509201
0.240608
0.449171
0.0129398
0.059389
0.288186
0.252693
0.640553
0.431196
0.301523
0.148808
0.176885
0.0483413
0.0702231
0.085696
0.326823
0.648457
0.325449
0.538224
0.160405
0.0372631
0.101505
0.548479
0.616138
0.704703
0.51326
0.518632
0.747887
0.208106
0.23072
0.911527
0.247749
0.729698
0.4326
0.515946
0.275094
0.713675
0.518998
0.432722
0.123692
0.990051
0.365673
0.437513
0.758141
0.290811
0.400159
0.87701
0.750175
0.56502
0.281777
0.754387
0.647267
0.998901
0.465926
0.16068
0.30372
0.147252
0.435011
0.708121
0.205908
0.0827662
0.875973
0.12122
0.323069
0.968627
0.586901
0.643025
0.514542
0.961455
0.393048
0.411512
0.0250862
0.850826
0.854091
0.463118
0.0993988
0.340983
0.0433668
0.519578
0.246559
0.381481
0.180975
0.214057
0.186712
0.453047
0.401471
0.913083
0.0102847
0.214637
0.437422
0.790338
0.581378
0.418104
0.500565
0.308786
0.716727
0.496689
0.14124
0.767205
0.170934
0.733665
0.367656
0.0671712
0.960234
0.417096
0.806116
0.357646
0.0545061
0.88757
0.18363
0.711936
0.970611
0.884213
0.913999
0.494675
0.296579
0.0963164
0.0685141
0.57445
0.679403
0.325999
0.512955
0.0380261
0.306131
0.168401
0.491531
0.563372
0.411328
0.615955
0.43968
0.106418
0.840327
0.492447
0.306314
0.0592059
0.200751
0.123661
0.167302
0.534501
0.633442
0.150487
0.411084
0.933805
0.733055
0.890835
0.277902
0.454878
0.65099
0.156499
0.033723
0.694815
0.910886
0.931822
0.560228
0.00515763
0.968352
0.81933
0.642048
0.755303
0.0458388
0.659627
0.732414
0.160009
0.274789
0.231208
0.478805
0.828272
0.674764
0.436628
0.789453
0.688223
0.002472
0.881069
0.722037
0.446181
0.000946074
0.250191
0.976074
0.234504
0.0801721
0.39259
0.269997
0.605487
0.960906
0.513718
0.384259
0.526902
0.312326
0.387646
0.151555
0.536149
0.915494
0.992279
0.175909
0.708518
0.382855
0.474685
0.561174
0.59624
0.966399
0.853267
0.430616
0.794641
0.484115
0.361705
0.519059
0.291269
0.89761
0.842494
0.618122
0.254769
0.570788
0.0948515
0.156499
0.419019
0.741783
0.584704
0.696158
0.719749
0.238777
0.421522
0.625843
0.338847
0.971587
0.00952177
0.833003
0.813654
0.229194
0.278695
0.63567
0.366283
0.316141
0.902158
0.75512
0.110782
0.557115
0.40614
0.611042
0.292581
0.202551
0.579028
0.719962
0.217994
0.265603
0.084872
0.478622
0.0292367
0.822108
0.688955
0.113376
0.981384
0.80459
0.000274667
0.076754
0.377483
0.821802
0.138493
0.672597
0.818415
0.0347606
0.230415
0.190802
0.92291
0.620746
0.143071
0.333506
0.175085
0.856502
0.359355
0.213019
0.0548723
0.351573
0.402478
0.703635
0.107883
0.463698
0.715445
0.427992
0.111148
0.42674
0.401868
0.159612
0.990753
0.222846
0.734519
0.922666
0.64742
0.730125
0.837428
0.569964
0.347118
0.176733
0.448286
0.121372
0.831721
0.43321
0.16715
0.642598
0.807092
0.173498
0.0975677
0.946379
0.96411
0.43672
0.286721
0.89758
0.189306
0.620441
0.87054
0.602557
0.121097
0.436811
0.33018
0.264809
0.70806
0.863002
0.766076
0.987884
0.92526
0.616657
0.595752
0.306619
0.305277
0.188574
0.581957
0.728446
0.43965
0.962737
0.596667
0.0654012
0.107578
0.455641
0.0282296
0.838679
0.187506
0.206275
0.236854
0.536393
0.00836207
0.347331
0.965484
0.00640889
0.296579
0.38966
0.111789
0.76513
0.374767
0.250587
0.768029
0.503189
0.768853
0.0578326
0.934294
0.570299
0.879635
0.760002
0.812311
0.71923
0.874935
0.0748009
0.0851772
0.891293
0.458693
0.806696
0.0900601
0.32374
0.673605
0.0647603
0.289254
0.760918
0.392529
0.412244
0.946806
0.0499893
0.656453
0.478866
0.415937
0.902982
0.513596
0.067568
0.944762
0.105533
0.51735
0.286386
0.405011
0.954985
0.538224
0.73693
0.851497
0.207282
0.0468764
0.291147
0.317545
0.315775
0.523728
0.486679
0.753075
0.241676
0.152043
0.0730308
0.511612
0.618305
0.450392
0.73925
0.292245
0.549974
0.000701926
0.554338
0.943022
0.827052
0.928495
0.152074
0.0318003
0.838191
0.291055
0.191107
0.591174
0.960906
0.0303049
0.121555
0.942991
0.712363
0.64626
0.789727
0.00976592
0.440687
0.247261
0.911832
0.0184332
0.838862
0.133915
0.948088
0.00268563
0.0618915
0.571856
0.408612
0.0108646
0.729209
0.910672
0.122105
0.424726
0.592303
0.704642
0.498489
0.296091
0.150487
0.991638
0.31727
0.107242
0.994598
0.386425
0.0723594
0.861385
0.160527
0.144932
0.404798
0.909238
0.274087
0.85519
0.654622
0.418653
0.767815
0.911435
0.0631733
0.892758
0.951384
0.428053
0.657002
0.642994
0.216834
0.748894
0.344584
0.624043
0.159886
0.208533
0.257424
0.535691
0.898282
0.301889
0.866237
0.599048
0.368755
0.918332
0.904019
0.912595
0.88403
0.796167
0.62682
0.794427
0.730247
0.854488
0.443892
0.0174261
0.0873745
0.558031
0.44792
0.343059
0.0524918
0.971404
0.877163
0.260109
0.0482803
0.659169
0.0403455
0.335093
0.39729
0.0878323
0.735771
0.0798975
0.343455
0.686026
0.6957
0.743553
0.302438
0.219001
0.0874355
0.933805
0.621387
0.634266
0.602557
0.475204
0.62978
0.0335093
0.164586
0.409742
0.262673
0.928495
0.788049
0.546281
0.0375072
0.435499
0.618183
0.465011
0.665242
0.566546
0.684255
0.383343
0.0780969
0.271523
0.39668
0.789361
0.15421
0.389294
0.319529
0.24897
0.920865
0.162755
0.249886
0.293374
0.51738
0.47499
0.134922
0.792627
0.699423
0.461928
0.858028
0.721824
0.165044
0.658773
0.425642
0.72631
0.484695
0.335276
0.585406
0.391736
0.915555
0.177313
0.407422
0.625507
0.882351
0.969848
0.859523
0.0558794
0.405072
0.438398
0.907956
0.854885
0.25547
0.905148
0.17478
0.891049
0.12302
0.91522
0.683187
0.619007
0.572283
0.490463
0.721671
0.611103
0.0720542
0.166112
0.358959
0.138249
0.878719
0.466903
0.6404
0.705557
0.0533769
0.979064
0.997192
0.949522
0.396161
0.674154
0.89993
0.802637
0.576739
0.641133
0.287301
0.33195
0.244057
0.882839
0.801843
0.157659
0.395642
0.33314
0.362835
0.857906
0.787652
0.751274
0.109287
0.266335
0.667592
0.649037
0.242561
0.0684835
0.610401
0.907712
0.800958
0.603015
0.739158
0.240516
0.897153
0.274514
0.111942
0.157231
0.449751
0.483871
0.556108
0.586657
0.940367
0.482253
0.730644
0.813898
0.226936
0.0553911
0.698721
0.88818
0.945616
0.444166
0.79107
0.157628
0.530931
0.407514
0.0416578
0.0872219
0.387249
0.834681
0.976897
0.0163274
0.241188
0.811914
0.0394604
0.0118107
0.20716
0.551012
0.428449
0.473037
0.597217
0.0852382
0.636464
0.645314
0.00592059
0.139012
0.465407
0.697623
0.702353
0.0776696
0.802026
0.521012
0.859432
0.343791
0.934355
0.904141
0.652791
0.285806
0.690664
0.241707
0.760063
0.785638
0.181555
0.432752
0.291391
0.591235
0.427259
0.12418
0.68337
0.760674
0.650563
0.956725
0.586627
0.1236
0.517228
0.968719
0.279244
0.166723
0.104862
0.814478
0.636494
0.249123
0.881588
0.953581
0.188543
0.554155
0.47557
0.466628
0.297433
0.683737
0.517136
0.654744
0.984283
0.301523
0.334025
0.0780053
0.438154
0.731284
0.781701
0.190191
0.73806
0.91641
0.989502
0.224769
0.818659
0.647023
0.304147
0.489669
0.211707
0.461135
0.211798
0.726279
0.594073
0.125675
0.5197
0.689016
0.673482
0.103793
0.579058
0.602191
0.443587
0.914975
0.829981
0.649739
0.339396
0.793725
0.450148
0.154576
0.32429
0.553606
0.388134
0.603687
0.439894
0.0623798
0.562639
0.174902
0.850185
0.234809
0.509171
0.922391
0.911008
0.949309
0.255165
0.275979
0.29603
0.794519
0.704886
0.0117496
0.710929
0.0525224
0.315287
0.349132
0.226264
0.824519
0.344218
0.331462
0.761284
0.704856
0.452071
0.146062
0.748863
0.911008
0.938261
0.539628
0.513688
0.274117
0.393689
0.986084
0.39433
0.99765
0.0504776
0.762169
0.140996
0.589373
0.610218
0.587939
0.619587
0.873989
0.831935
0.987518
0.353832
0.49144
0.661153
0.0270394
0.936735
0.788568
0.181219
0.585955
0.841945
0.508805
0.168126
0.817347
0.667226
0.187445
0.529954
0.954405
0.340556
0.658284
0.41261
0.118442
0.320505
0.577319
0.252571
0.285623
0.321879
0.370952
0.558458
0.0675985
0.598132
0.513749
0.701834
0.463149
0.311502
0.542833
0.499649
0.236763
0.0224921
0.714621
0.868618
0.0803552
0.829676
0.710685
0.332957
0.214576
0.190893
0.298288
0.667379
0.585467
0.957854
0.352763
0.455519
0.313517
0.654317
0.146916
0.846187
0.550645
0.530076
0.314737
0.287606
0.401746
0.4214
0.394757
0.521867
0.0668661
