0.411232
0.514431
0.368169
0.694795
0.313357
0.248243
0.44953
0.156889
0.242089
0.500335
0.847688
0.729627
0.252129
0.0429167
0.661673
0.0116299
0.583333
0.986773
0.505683
0.781855
0.651761
0.903607
0.134186
0.473332
0.297464
0.931767
0.388186
0.601446
0.107132
0.293115
0.42057
0.438594
0.708593
0.55868
0.373545
0.601645
0.321449
0.898174
0.235096
0.60911
0.57059
0.428576
0.492491
0.364647
0.962432
0.562377
0.572437
0.615239
0.61585
0.831476
0.384229
0.270217
0.244465
0.00532112
0.499281
0.00712281
0.433011
0.18682
0.108718
0.43306
0.927532
0.877845
0.00377588
0.114971
0.0777786
0.0376479
0.200451
0.241428
0.980411
0.19762
0.365781
0.690552
0.34271
0.991179
0.510902
0.5813
0.464388
0.376222
0.502419
0.685546
0.314108
0.61054
0.22587
0.860242
0.663705
0.282413
0.316241
0.851973
0.664328
0.974167
0.643615
0.228863
0.553197
0.120503
0.632647
0.252605
0.556703
0.405921
0.0311341
0.904445
0.274305
0.0139905
0.380373
0.985925
0.704365
0.0655232
0.156312
0.292625
0.73177
0.179663
0.602872
0.974082
0.878644
0.363249
0.857296
0.613785
0.259358
0.148337
0.0577073
0.76831
0.0961987
0.611477
0.0172622
0.795784
0.649354
0.641956
0.718272
0.993777
0.342924
0.148835
0.585832
0.27242
0.262672
0.770535
0.420038
0.242613
0.258578
0.211045
0.359615
0.18894
0.757843
0.744987
0.00664874
0.381824
0.434135
0.199209
0.973736
0.921832
0.547893
0.508238
0.781614
0.790219
0.886578
0.347375
0.703388
0.820701
0.893357
0.208693
0.520225
0.801967
0.652715
0.586439
0.841838
0.727486
0.15414
0.695469
0.27432
0.619284
0.29438
0.574387
0.00690716
0.523677
0.0129718
0.977077
0.558899
0.0993227
0.819944
0.848221
0.536963
0.89834
0.562997
0.0651069
0.612258
0.117527
0.448843
0.740498
0.192709
0.172015
0.541884
0.271782
0.107338
0.276886
0.367024
0.970384
0.745794
0.416537
0.750791
0.413982
0.0214687
0.622502
0.81638
0.854436
0.0422795
0.0745987
0.119481
0.195096
0.0562975
0.966222
0.209796
0.859388
0.905169
0.216462
0.757278
0.980547
0.594449
0.761944
0.873288
0.618543
0.313589
0.321479
0.223717
0.282102
0.785767
0.18596
0.81785
0.600676
0.910639
0.735694
0.583935
0.814504
0.755213
0.783572
0.449849
0.166178
0.0632179
0.997166
0.603256
0.261849
0.807975
0.0156882
0.149883
0.642675
0.555599
0.497793
0.776334
0.385493
0.680024
0.32959
0.397976
0.940076
0.92375
0.176863
0.850595
0.936572
0.0368157
0.401761
0.889271
0.693246
0.0249021
0.059897
0.571991
0.473526
0.543622
0.877524
0.895733
0.859965
0.230547
0.295707
0.603927
0.346105
0.307107
0.186597
0.432471
0.222612
0.741958
0.197547
0.810865
0.480128
0.276028
0.0344179
0.355596
0.0674948
0.606868
0.931023
0.723852
0.147147
0.574375
0.0312776
0.940896
0.224825
0.983984
0.25837
0.301546
0.780402
0.855312
0.465554
0.518638
0.28752
0.791515
0.742145
0.136869
0.605745
0.356769
0.513212
0.219971
0.466888
0.81292
0.380571
0.514107
0.834866
0.020419
0.287028
0.509118
0.431437
0.669268
0.982352
0.607448
0.330978
0.360595
0.120211
0.67442
0.147526
0.612268
0.975573
0.444531
0.986491
0.445581
0.265825
0.534866
0.858469
0.159645
0.87165
0.0184962
0.230574
0.936018
0.749851
0.382284
0.326732
0.672892
0.0859341
0.578631
0.520781
0.148198
0.550217
0.688849
0.6101
0.0143756
0.477238
0.371617
0.27557
0.637035
0.501272
0.861216
0.535949
0.153911
0.0182198
0.118581
0.626971
0.653156
0.468316
0.776526
0.485428
0.891756
0.982222
0.798129
0.156781
0.264127
0.874529
0.507669
0.512594
0.0238764
0.620704
0.678694
0.235577
0.193529
0.160837
0.956828
0.0934532
0.0549926
0.886934
0.603551
0.642638
0.53549
0.080285
0.647847
0.49253
0.522049
0.745149
0.139002
0.781935
0.987252
0.845501
0.508258
0.582994
0.995411
0.443185
0.270801
0.69417
0.769775
0.365474
0.389932
0.913934
0.0346407
0.747765
0.265346
0.492972
0.998069
0.568053
0.883536
0.260388
0.202135
0.82271
0.00632675
0.0156061
0.0918255
0.545524
0.193667
0.707933
0.898958
0.710805
0.611903
0.309809
0.900889
0.469601
0.842104
0.231429
0.46655
0.404505
0.966887
0.134453
0.646973
0.651739
0.30802
0.72505
0.797843
0.901879
0.0318855
0.0307451
0.866039
0.708955
0.0634315
0.717234
0.302147
0.381859
0.728589
0.948523
0.886211
0.586344
0.095147
0.251318
0.262417
0.723906
0.953789
0.852518
0.955979
0.304969
0.736027
0.567147
0.558499
0.409753
0.852084
0.444242
0.389447
0.371133
0.132365
0.479024
0.366355
0.039466
0.641339
0.71034
0.53135
0.0831162
0.0766624
0.855532
0.925331
0.452072
0.95656
0.142512
0.539678
0.814161
0.744672
0.944767
0.743771
0.136426
0.741358
0.00741264
0.364058
0.132884
0.106539
0.545839
0.705415
0.743914
0.450509
0.83277
0.797752
0.568126
0.792755
0.905387
0.445563
0.427221
0.453214
0.192564
0.107665
0.425537
0.777779
0.463954
0.436897
0.324957
0.118368
0.236753
0.341359
0.565503
0.433089
0.211566
0.249668
0.803745
0.372243
0.842362
0.334937
0.270283
0.84217
0.257068
0.344429
0.0451364
0.444656
0.76435
0.0502332
0.602257
0.804606
0.364153
0.878359
0.675122
0.609767
0.0560564
0.644996
0.976459
0.368905
0.836159
0.751823
0.0652302
0.0870237
0.389054
0.0518351
0.538773
0.622743
0.168469
0.0116233
0.85386
0.205263
0.84766
0.648069
0.979841
0.864413
0.557581
0.597686
0.267633
0.730474
0.0524942
0.664424
0.0498312
0.50034
0.443005
0.115332
0.947255
0.379663
0.903441
0.380688
0.289143
0.199835
0.575618
0.210716
0.0252281
0.740959
0.0929213
0.359442
0.791517
0.348591
0.761117
0.593713
0.302894
0.799827
0.534947
0.0562782
0.704583
0.213378
0.196072
0.966576
0.544596
0.828271
0.0954666
0.876156
0.484466
0.571148
0.83641
0.13102
0.0995502
0.761616
0.177895
0.666422
0.4476
0.633925
0.238029
0.113958
0.65624
0.222671
0.0118491
0.61505
0.560213
0.853768
0.763767
0.27684
0.837472
0.793102
0.171238
0.286434
0.469233
0.502999
0.928586
0.755048
0.842768
0.89619
0.773967
0.0550343
0.961445
0.119683
0.229894
0.17808
0.21285
0.0356456
0.218855
0.416959
0.324208
0.0914511
0.670956
0.952138
0.875516
0.99994
0.470956
0.71431
0.831452
0.121091
0.102446
0.406772
0.425264
0.103398
0.294471
0.265777
0.584749
0.108181
0.940677
0.579679
0.29591
0.971103
0.932642
0.457861
0.326905
0.838018
0.792254
0.968912
0.320918
0.717114
0.290203
0.155019
0.449478
0.755547
0.618296
0.180266
0.174151
0.625302
0.440662
0.106791
0.29835
0.702078
0.0225673
0.4607
0.496194
0.774205
0.683779
0.144129
0.484097
0.94951
0.641566
0.0533111
0.849978
0.337931
0.848435
0.661192
0.674399
0.0793967
0.508432
0.774588
0.695784
0.973438
0.970865
0.924466
0.174176
0.537409
0.898774
0.407576
0.400641
0.287434
0.625932
0.593446
0.100893
0.26541
0.0831266
0.967341
0.677984
0.16947
0.0833886
0.268092
0.994503
0.44468
0.539141
0.791168
0.396459
0.642635
0.861604
0.703359
0.109913
0.847571
0.763186
0.98036
0.342005
0.490157
0.95855
0.0262134
0.498563
0.644563
0.950311
0.643722
0.772966
0.0716583
0.478796
0.822965
0.400062
0.592457
0.995939
0.322812
0.686376
0.349681
0.295475
0.805708
0.355961
0.517116
0.706356
0.746201
0.0655147
0.716066
0.577687
0.15107
0.605964
0.140476
0.768696
0.0696515
0.25982
0.206606
0.145226
0.007683
0.539428
0.709927
0.756254
0.365956
0.436824
0.149307
0.823575
0.622979
0.765385
0.0452696
0.997387
0.585642
0.384758
0.191768
0.82893
0.945059
0.510529
0.589828
0.317274
0.951735
0.14755
0.31423
0.595363
0.939527
0.694043
0.879948
0.16099
0.477925
0.321843
0.492899
0.366795
0.599157
0.701012
0.0302779
0.148272
0.00526724
0.194968
0.27149
0.654711
0.171528
0.535315
0.0971144
0.68021
0.707663
0.287894
0.939754
0.349774
0.809773
0.0802388
0.969812
0.669312
0.130435
0.713679
0.0421938
0.648237
0.535262
0.0913302
0.363005
0.228629
0.831189
0.795063
0.162578
0.728944
0.0761998
0.903145
0.572062
0.715883
0.643992
0.369512
0.76564
0.849622
0.727937
0.165984
0.507849
0.381745
0.919264
0.794333
0.724713
0.564418
0.632065
0.656418
0.101561
0.0656379
0.449328
0.699148
0.837969
0.104784
0.964599
0.539868
0.821503
0.332895
0.0401129
0.553842
0.600921
0.275498
0.907359
0.59143
0.533046
0.242119
0.519596
0.578316
0.296436
0.592577
0.585068
0.330411
0.0207826
0.246731
0.789388
0.925729
0.209382
0.629064
0.0545847
0.804845
0.107801
0.823153
0.0260279
0.835627
0.829638
0.750613
0.175685
0.329381
0.453761
0.161335
0.0402273
0.975892
0.74974
0.228204
0.864484
0.125101
0.231937
0.95407
0.0973689
0.405873
0.425451
0.723689
0.994262
0.981431
0.384166
0.215328
0.787468
0.185274
0.433824
0.583003
0.105505
0.543154
0.650679
0.8898
0.997999
0.907567
0.696508
0.553363
0.682485
0.984955
0.840296
0.775919
0.703584
0.961851
0.0298041
0.787041
0.41193
0.958644
0.18223
0.179391
0.691386
0.409816
0.492915
0.637892
0.99417
0.732447
0.861148
0.453789
0.633157
0.330926
0.902356
0.562441
0.00887547
0.700001
0.0234953
0.451934
0.091169
0.268008
0.393394
0.528219
0.715285
0.328522
0.474806
0.174077
0.671152
0.465159
0.713777
0.291191
0.719712
0.584227
0.396683
0.722533
0.223313
0.20626
0.154562
0.14632
0.97709
0.469577
0.985294
0.603103
0.575371
0.444998
0.884304
0.558327
0.106253
0.0173173
0.0843274
0.620305
0.379582
0.245884
0.54309
0.259347
0.305029
0.895995
0.504435
0.343256
0.737521
0.767977
0.700663
0.924717
0.641461
0.776096
0.945078
0.340574
0.206824
0.389105
0.0422525
0.070217
0.898987
0.570099
0.570786
0.522593
0.302375
0.387981
0.139111
0.161628
0.901098
0.0151416
0.174881
0.185808
0.729788
0.220755
0.319009
0.751649
0.705796
0.317451
0.711609
0.975362
0.612972
0.70449
0.0555853
0.510602
0.454222
0.193704
0.0730445
0.217337
0.0822169
0.807417
0.671154
0.52133
0.336034
0.169556
0.188684
0.747734
0.628125
0.40003
0.460043
0.893947
0.27071
0.291295
0.697152
0.202369
0.994113
0.0691418
0.856909
0.0684243
0.508708
0.883794
0.795759
0.254006
0.843781
0.228551
0.741753
0.676303
0.669704
0.992558
0.864803
0.122234
0.321307
0.951837
0.970394
0.675727
0.807792
0.280394
0.0495953
0.130046
0.853237
0.967796
0.821115
0.374366
0.203524
0.929238
0.573823
0.77318
0.310889
0.28175
0.266475
0.175999
0.443164
0.188712
0.449436
0.489559
0.796599
0.422475
0.399314
0.622069
0.686185
0.0347461
0.379012
0.5258
0.571236
0.972141
0.0169207
0.544945
0.650962
0.125191
0.560017
0.822877
0.643508
0.213127
0.909528
0.753626
0.621477
0.666556
0.42655
0.0627748
0.886376
0.373242
0.426028
0.142274
0.308082
0.603044
0.75284
0.0653046
0.556961
0.994647
0.776167
0.915158
0.885501
0.838367
0.430714
0.107283
0.906307
0.944052
0.897334
0.278624
0.929471
0.914659
0.214455
0.482252
0.618683
0.0990498
0.0985244
0.944954
0.980353
0.390899
0.595521
0.0751994
0.744145
0.125344
0.0682857
0.326781
0.520728
0.417518
0.128094
0.719339
0.954566
0.605554
0.24459
0.520887
0.4698
0.451801
0.33073
0.982708
0.8361
0.978386
0.756759
0.516394
0.668554
0.406125
0.479847
0.47701
0.217315
0.303161
0.551526
0.824349
0.0651605
0.602924
0.613126
0.451731
0.11627
0.397668
0.932459
0.843898
0.68842
0.908831
0.934512
0.148363
0.255629
0.612783
0.938532
0.558801
0.72829
0.115829
0.839315
0.368111
0.876966
0.141375
0.371553
0.108211
0.423302
0.670104
0.421208
0.403132
0.852251
0.610017
0.21596
0.102276
0.886388
0.248548
0.426363
0.111027
0.513799
0.72362
0.684299
0.0448585
0.106794
0.417595
0.966497
0.748875
0.764551
0.859656
0.849309
0.643347
0.51709
0.454651
0.194813
0.728858
0.0264423
0.87872
0.181462
0.435315
0.866482
0.913819
0.581835
0.53421
0.924944
0.344787
0.18228
0.326818
0.440488
0.236292
0.304621
0.691496
0.0218514
0.0239838
0.541503
0.0462626
0.862441
0.609658
0.0856308
0.338384
0.373491
0.81083
0.980176
0.774402
0.550172
0.19987
0.286561
0.471524
0.723275
0.826321
0.800102
0.310987
0.578116
0.911941
0.0364617
0.90519
0.982268
0.261322
0.658959
0.524257
0.973941
0.466541
0.545175
0.923977
0.09785
0.0316847
0.0582905
0.473264
0.706871
0.0698386
0.579172
0.86312
0.280161
0.63923
0.58409
0.55426
0.15735
0.584859
0.0895477
0.547783
0.663364
0.60041
0.182909
0.565297
0.144554
0.936202
0.396665
0.381407
0.874947
0.587265
0.461968
0.254121
0.441391
0.92
0.532087
0.75551
0.12752
0.21673
0.055238
0.295389
0.792546
0.601518
0.167052
0.764395
0.86426
0.0870564
0.935589
0.728448
0.037372
0.987778
0.640404
0.722782
0.703437
0.778347
0.32899
0.67329
0.131821
0.252334
0.0324687
0.529303
0.390033
0.597898
0.603698
0.139186
0.430845
0.837035
0.051297
0.916618
0.732231
0.109142
0.667812
0.114035
0.444238
0.723442
0.901086
0.528292
0.558099
0.450293
0.947587
0.0231632
0.365069
0.921814
0.7375
0.912659
0.910598
0.621083
0.938138
0.234796
0.268308
0.713783
0.345352
0.239002
0.698073
0.140983
0.857553
0.362885
0.649248
0.765046
0.151347
0.32807
0.417057
0.875692
0.688914
0.0129981
0.25248
0.768041
0.234056
0.918427
0.790891
0.348933
0.14152
0.173537
0.940731
0.683891
0.150114
0.729739
0.59608
0.847866
0.526425
0.474131
0.790927
0.424158
0.677829
0.46925
0.64108
0.831802
0.594469
0.0724874
0.336015
0.694315
0.676153
0.0743687
0.592748
0.0775571
0.619421
0.981187
0.510852
0.198953
0.208521
0.720253
0.674116
0.667123
0.540138
0.689542
0.812684
0.165859
0.292481
0.92682
0.472577
0.143368
0.518201
0.260732
0.231418
0.0209133
0.415108
0.187135
0.770919
0.167129
0.856526
0.961777
0.732244
0.293753
0.75887
0.0564144
0.485151
0.286658
0.9597
0.398399
0.986311
0.734389
0.292517
0.742918
0.569221
0.208837
0.685795
0.375337
0.305941
0.666422
0.897616
0.635065
0.602286
0.510069
0.0214306
0.812391
0.730035
0.86181
0.172476
0.451733
0.622815
0.940942
0.702277
0.596841
0.00944735
0.518927
0.642516
0.780233
0.610172
0.854457
0.178521
0.244424
0.579527
0.789896
0.710227
0.747842
0.802979
0.693297
0.756516
0.173862
0.653112
0.672397
0.386561
0.0514447
0.0367458
0.694419
0.251165
0.555121
0.34504
0.582565
0.633435
0.00134475
0.763307
0.814649
0.206816
0.127311
0.218459
0.0871088
0.729917
0.0472878
0.169191
0.0603206
0.0223659
0.505274
0.658175
0.694655
0.713105
0.278589
0.277691
0.691839
0.312062
0.885624
0.591935
0.700826
0.47123
0.14738
0.117676
0.491963
0.427539
0.940675
0.989688
0.253798
0.0541837
0.0679804
0.0476309
0.73299
0.47809
0.13735
0.245931
0.768508
0.158308
0.239367
0.887851
0.484086
0.508171
0.0223659
0.471512
0.533558
0.460449
0.646365
0.67
0.279883
0.76229
0.469743
0.930613
0.0966274
0.884219
0.728114
0.350771
0.630963
0.303815
0.370113
0.249168
0.709788
0.194365
0.755485
0.0438784
0.639964
0.483397
0.126166
0.261339
0.308024
0.416059
0.799256
0.714814
0.544281
0.655412
0.934236
0.659899
0.168291
0.0583384
0.384281
0.652546
0.386198
0.743247
0.739161
0.311726
0.350247
0.918646
0.544295
0.0989291
0.651109
0.460738
0.480564
0.115584
0.936072
0.750743
0.322752
0.65333
0.662515
0.0425668
0.554625
0.590198
0.394682
0.642095
0.406733
0.259433
0.526871
0.247535
0.742056
0.640095
0.670726
0.365908
0.551567
0.551613
0.966447
0.78031
0.525491
0.32444
0.363295
0.393398
0.231704
0.585331
0.742447
0.163386
0.794722
0.378022
0.0971041
0.713866
0.692679
0.134977
0.52155
0.147589
0.493065
0.109991
0.714435
0.924294
0.316201
0.909583
0.420315
0.754429
0.836595
0.771275
0.539031
0.384679
0.0918046
0.883229
0.875282
0.732249
0.548423
0.328376
0.721662
0.255321
0.870764
0.420932
0.692288
0.859449
0.907313
0.533421
0.263105
0.852896
0.272111
0.0182733
0.0647988
0.657338
0.598963
0.734786
0.364947
0.348544
0.274086
0.211519
0.853206
0.969061
0.956714
0.520154
0.995754
0.938164
0.749685
0.44343
0.756027
0.595572
0.285379
0.825465
0.837223
0.303144
0.351161
0.624911
0.844169
0.102255
0.723176
0.157586
0.0937999
0.498916
0.964128
0.665268
0.600932
0.94325
0.958755
0.693684
0.123439
0.193695
0.9395
0.811924
0.676141
0.65899
0.513318
0.476351
0.229974
0.048858
0.592766
0.235075
0.859486
0.821008
0.394382
0.0492886
0.908448
0.226687
0.333311
0.62122
0.0547455
0.230738
0.719219
0.374077
0.276131
0.610394
0.707246
0.326504
0.818765
0.820568
0.822075
0.75017
0.311391
0.132158
0.649615
0.460832
0.413419
0.395705
0.277116
0.177457
0.6533
0.659233
0.800302
0.00899205
0.49046
0.795458
0.674453
0.761269
0.702769
0.0943206
0.0653163
0.603476
0.696353
0.654484
0.932273
0.410619
0.272566
0.702944
0.75756
0.571527
0.0123609
0.974167
0.746744
0.845936
0.602527
0.132049
0.474264
0.98041
0.0349467
0.390501
0.913122
0.308068
0.990037
0.632383
0.223958
0.862119
0.317811
0.265808
0.784159
0.546608
0.575358
0.859377
0.0291255
0.704542
0.169663
0.702054
0.289134
0.343738
0.0900253
0.290617
0.140731
0.832975
0.947752
0.784978
0.128242
0.0433778
0.546211
0.950991
0.756384
0.292095
0.483996
0.498358
0.0905553
0.859
0.35609
0.857789
0.500035
0.453327
0.93892
0.0280351
0.341956
0.302263
0.358416
0.31584
0.0988005
0.129597
0.54822
0.932093
0.785161
0.332465
0.148119
0.986257
0.503422
0.415216
0.43407
0.715133
0.0361846
0.425146
0.657314
0.293349
0.948845
0.259208
0.0138205
0.710127
0.253197
0.910388
0.0278081
0.784746
0.89444
0.59103
0.0860021
0.70759
0.909367
0.6095
0.577912
0.0270492
0.956549
0.360129
0.962609
0.0289046
0.997579
0.0241828
0.712872
0.404069
0.601427
0.431897
0.957771
0.128457
0.158047
0.844322
0.504648
0.281025
0.981984
0.196577
0.419063
0.462595
0.708229
0.115948
0.902561
0.507949
0.875599
0.997919
0.798615
0.369
0.194013
0.636247
0.551621
0.618051
0.715115
0.924692
0.965712
0.992804
0.209771
0.936221
0.939749
0.272854
0.166232
0.0798479
0.156168
0.638908
0.463593
0.626613
0.0214333
0.932158
0.627301
0.637678
0.0801734
0.67266
0.19301
0.137764
0.491119
0.070284
0.385221
0.671078
0.265439
0.233018
0.641365
0.685172
0.408587
0.672247
0.731576
0.510587
0.337975
0.0356296
0.0867471
0.162856
0.300961
0.111987
0.343402
0.790509
0.480421
0.455979
0.00511793
0.492505
0.548897
0.570642
0.877496
0.555622
0.327867
0.0974764
0.69077
0.210256
0.398434
0.519947
0.174641
0.91481
0.723475
0.112847
0.186397
0.811879
0.689101
0.724332
0.893545
0.975315
0.221306
0.996742
0.178848
0.141878
0.192846
0.948828
0.744651
0.196538
0.175592
0.58633
0.106606
0.669214
0.674261
0.543758
0.0125182
0.207705
0.408205
0.629871
0.328317
0.672757
0.238594
0.407746
0.745365
0.344752
0.144413
0.329686
0.670956
0.233489
0.241704
0.945553
0.7925
0.327704
0.269582
0.387127
0.157394
0.385026
0.143831
0.592247
0.115172
0.171519
0.860797
0.472977
0.574335
0.485097
0.712624
0.0428628
0.591487
0.227357
0.143052
0.907009
0.244114
0.292557
0.988867
0.666845
0.299503
0.834245
0.249436
0.790393
0.93123
0.0338877
0.644818
0.0250688
0.088936
0.255681
0.458011
0.621815
0.834296
0.0938688
0.892654
0.0162811
0.607433
0.851524
0.209122
0.897361
0.975978
0.489146
0.373754
0.662519
0.516175
0.106395
0.483078
0.168622
0.957468
0.0631451
0.333824
0.321081
0.844678
0.0188191
0.144768
0.590022
0.691049
0.37143
0.797461
0.854941
0.880743
0.928301
0.821271
0.997037
0.161028
0.314784
0.787688
0.48416
0.979864
0.611971
0.414822
0.793584
0.842566
0.908366
0.73654
0.165953
0.384627
0.658644
0.673275
0.892629
0.38483
0.7265
0.716684
0.28944
0.404646
0.0078816
0.60899
0.465827
0.672062
0.41836
0.37189
0.291597
0.422844
0.169623
0.591682
0.734604
0.326425
0.520798
0.887889
0.939529
0.997774
0.184856
0.417477
0.575487
0.623957
0.11119
0.135621
0.286169
0.186745
0.0415274
0.205831
0.179692
0.196829
0.00486045
0.721905
0.821078
0.0582954
0.42978
0.0852367
0.72214
0.478407
0.912847
0.90413
0.526916
0.192989
0.2197
0.731178
0.396566
0.477851
0.481666
0.668292
0.845564
0.545069
0.00554877
0.446214
0.868898
0.342406
0.160587
0.91612
0.153333
0.809852
0.692087
0.019464
0.822248
0.350333
0.643097
0.749665
0.0452706
0.740978
0.317891
0.943515
0.634982
0.552608
0.73167
0.868154
0.499147
0.169354
0.236694
0.660406
0.0662546
0.773522
0.361991
0.984901
0.932257
0.284066
0.898001
0.5747
0.336738
0.443911
0.350267
0.837155
0.538108
0.857714
0.951664
0.159103
0.0823088
0.267512
0.0976179
0.67121
0.0711045
0.255636
0.193852
0.177052
0.681242
0.245259
0.701795
0.602853
0.945294
0.593854
0.883249
0.36106
0.601134
0.930663
0.606526
0.0698262
0.772652
0.455197
0.695246
0.967843
0.0458342
0.961945
0.176109
0.237207
0.325264
0.0316112
0.362809
0.559441
0.822563
0.151767
0.51612
0.449249
0.929473
0.589515
0.425949
0.178565
0.912815
0.767889
0.515466
0.240467
0.7971
0.171665
0.834444
0.805862
0.261402
0.913777
0.824512
0.123647
0.143657
0.613666
0.164519
0.0766871
0.994682
0.930317
0.476859
0.553256
0.291748
0.213181
0.370783
0.330997
0.87216
0.553029
0.942959
0.929666
0.552162
0.574417
0.0453052
0.304136
0.864845
0.197535
0.935552
0.207352
0.656695
0.144834
0.484462
0.705327
0.00820683
0.944919
0.222676
0.166019
0.16961
0.723164
0.177902
0.605275
0.515077
0.348952
0.821886
0.754556
0.468689
0.269774
0.539355
0.162191
0.221478
0.0318367
0.0833551
0.289359
0.0793215
0.440826
0.182139
0.852488
0.898872
0.969287
0.699685
0.42591
0.603949
0.429704
0.492054
0.214398
0.967154
0.933715
0.818321
0.365768
0.504466
0.998819
0.458107
0.856466
0.2234
0.544005
0.59207
0.889636
0.89923
0.438168
0.931886
0.281679
0.221056
0.60871
0.0161967
0.812521
0.878491
0.709188
0.277643
0.564742
0.0097318
0.643468
0.380758
0.768152
0.737513
0.492781
0.402044
0.389816
0.987531
0.734096
0.732712
0.748968
0.0246016
0.349475
0.196906
0.572879
0.0690956
0.552665
0.0747199
0.941363
0.662477
0.340457
0.395864
0.751783
0.872512
0.980287
0.838858
0.487174
0.798556
0.0515912
0.396459
0.688149
0.0598616
0.0236551
0.649305
0.391953
0.639146
0.705162
0.949802
0.372141
0.947882
0.437799
0.242602
0.842951
0.607857
0.237069
0.747394
0.928072
0.106762
0.828329
0.183496
0.870293
0.877677
0.800717
0.916664
0.995134
0.676489
0.642139
0.842106
0.718695
0.613053
0.276607
0.0736138
0.317118
0.334627
0.372476
0.340398
0.93333
0.813873
0.558977
0.809746
0.0994742
0.22242
0.971881
0.102683
0.179687
0.0609141
0.620636
0.465529
0.558113
0.740758
0.934453
0.867541
0.350627
0.11113
0.19804
0.577077
0.757869
0.159376
0.842204
0.655372
0.50543
0.323559
0.329682
0.359842
0.934418
0.770141
0.721159
0.282114
0.269595
0.899589
0.341621
0.1123
0.0821114
0.110751
0.964161
0.0041079
0.17274
0.932242
0.807696
0.53893
0.877457
0.713034
0.0252878
0.607196
0.0694476
0.887916
0.733561
0.15217
0.456888
0.721954
0.784874
0.450417
0.442703
0.4935
0.0560481
0.138618
0.938719
0.733489
0.368165
0.738069
0.48631
0.305392
0.928242
0.187366
0.515339
0.961508
0.0357862
0.865766
0.0734555
0.580563
0.933009
0.781653
0.816475
0.762828
0.769189
0.68634
0.212359
0.412225
0.58286
0.229981
0.398794
0.725638
0.0286062
0.587446
0.248922
0.611699
0.0873397
0.875898
0.39738
0.988737
0.275654
0.27962
0.503202
0.630969
0.30192
0.325155
0.645909
0.829491
0.778867
0.916528
0.244844
0.393887
0.658444
0.442787
0.380539
0.172741
0.905103
0.0544586
0.614406
0.279101
0.315517
0.15268
0.116347
0.0591003
0.994516
0.55216
0.149278
0.00340644
0.847635
0.475154
0.873756
0.386372
0.340717
0.391662
0.412243
0.710693
0.697315
0.634989
0.980004
0.534433
0.910944
0.346825
0.342135
0.161939
0.326899
0.982945
0.431502
0.483594
0.905273
0.197514
0.950726
0.78499
0.886837
0.0970495
0.927605
0.26464
0.308135
0.141897
0.533151
0.249153
0.875137
0.017888
0.781294
0.0351638
0.0379982
0.96521
0.50691
0.208151
0.739028
0.970585
0.256982
0.788443
0.14108
0.233979
0.45359
0.785629
0.666511
0.4595
0.492791
0.34207
0.782346
0.45192
0.573339
0.764502
0.99931
0.704022
0.724488
0.372366
0.264205
0.0823825
0.609134
0.993981
0.213157
0.942329
0.853385
0.0369162
0.946363
0.307464
0.297129
0.806797
0.957337
0.684294
0.647802
0.626825
0.418553
0.622904
0.391186
0.927512
0.443661
0.962775
0.958107
0.781941
0.195328
0.962347
0.222819
0.556844
0.317739
0.672654
0.962211
0.379674
0.288
0.785447
0.438209
0.145005
0.700368
0.338466
0.130597
0.508911
0.413065
0.179359
0.715568
0.640853
0.176347
0.142194
0.685324
0.876502
0.362159
0.752414
0.515532
0.83943
0.468956
0.436069
0.535533
0.478444
0.250356
0.876633
0.0269213
0.781575
0.254091
0.844326
0.281078
0.0300022
0.528507
0.341642
0.993837
0.477252
0.699476
0.160571
0.0559304
0.679513
0.904192
0.110409
0.869482
0.729261
0.148197
0.297056
0.688748
0.343437
0.951348
0.441369
0.163688
0.855084
0.555432
0.534845
0.913139
0.620543
0.358395
0.598693
0.882555
0.526193
0.0539975
0.593131
0.112198
0.0761699
0.978678
0.521236
0.0564457
0.76347
0.893192
0.160532
0.600116
0.54169
0.695334
0.854926
0.772699
0.776163
0.449441
0.569155
0.800117
0.434909
0.744928
0.990708
0.905478
0.753674
0.838204
0.429305
0.642844
0.329577
0.416889
0.966417
0.0956776
0.95255
0.415727
0.955898
0.160544
0.273043
0.275252
0.289724
0.68747
0.872963
0.110187
0.494819
0.610155
0.828546
0.627972
0.029366
0.582519
0.715478
0.384011
0.0782514
0.602603
0.0986203
0.377473
0.471444
0.928889
0.750259
0.905689
0.562905
0.228764
0.0104217
0.394655
0.0773276
0.303088
0.0133432
0.3426
0.38648
0.574896
0.973919
0.261058
0.636393
0.491009
0.618653
0.129369
0.728421
0.195717
0.908114
0.968928
0.434567
0.508036
0.418935
0.671244
0.530856
0.792034
0.150788
0.88493
0.540018
0.828653
0.649555
0.994906
0.678837
0.656145
0.301828
0.746533
0.420428
0.0749546
0.849954
0.839492
0.0313667
0.52427
0.436739
0.334869
0.290102
0.949531
0.268354
0.439386
0.886605
0.562103
0.3642
0.729976
0.216406
0.150411
0.431559
0.180535
0.379499
0.768189
0.98373
0.647845
0.64289
0.818946
0.5266
0.960741
0.714063
0.702424
0.304411
0.661732
0.26589
0.847531
0.638382
0.993557
0.865289
0.664731
0.249459
0.0327555
0.612531
0.796014
0.78078
0.478514
0.323463
0.178134
0.166807
0.862471
0.587636
0.823806
0.0763196
0.185115
0.850325
0.958908
0.88909
0.946196
0.45611
0.803942
0.989383
0.12061
0.240727
0.479061
0.0816921
0.747322
0.578134
0.48026
0.766252
0.0147795
0.122261
0.503683
0.249984
0.796357
0.541023
0.956895
0.401214
0.348299
0.0798839
0.708853
0.401645
0.107505
0.614342
0.29715
0.339921
0.636571
0.403949
0.393297
0.144064
0.946997
0.777824
0.987333
0.549608
0.841539
0.893733
0.46755
0.156881
0.698081
0.447636
0.756405
0.212953
0.562402
0.453659
0.136932
0.56967
0.895985
0.279186
0.00866749
0.0192286
0.935929
0.0678289
0.857256
0.696939
0.685181
0.40192
0.69341
0.85525
0.31981
0.784434
0.706065
0.188249
0.796832
0.00542076
0.779927
0.0869862
0.233453
0.224657
0.299545
0.55883
0.350502
0.598404
0.834732
0.848797
0.0407813
0.10368
0.999689
0.94474
0.788432
0.656128
0.309379
0.107863
0.77237
0.830174
0.0435517
0.538331
0.206683
0.570729
0.793885
0.0724487
0.530296
0.541069
0.692883
0.71849
0.0485004
0.900412
0.439566
0.0883484
0.281171
0.543329
0.297165
0.8523
0.988654
0.090494
0.784336
0.370305
0.75956
0.0793519
0.922821
0.717492
0.629237
0.231706
0.941004
0.328176
0.394115
0.380568
0.477105
0.706679
0.931872
0.178772
0.555992
0.924532
0.618304
0.343548
0.0621207
0.461117
0.861729
0.781974
0.781226
0.329099
0.491069
0.571275
0.493705
0.741675
0.508531
0.109676
0.960823
0.77622
0.0244018
0.955454
0.993834
0.488619
0.0403068
0.320627
0.728954
0.372119
0.248186
0.59194
0.651132
0.601168
0.475435
0.312
0.830955
0.635691
0.246147
0.820911
0.901567
0.606654
0.857745
0.461004
0.951473
0.88432
0.105135
0.101792
0.663531
0.699394
0.291376
0.738239
0.660124
0.277238
0.44153
0.768953
0.543599
0.723287
0.153331
0.556166
0.342255
0.558872
0.319932
0.768088
0.0233296
0.539151
0.0418142
0.917593
0.208296
0.749277
0.0671635
0.13413
0.823216
0.0528107
0.845172
0.0105581
0.524424
0.864781
0.405186
0.627118
0.275009
0.00521828
0.606274
0.529502
0.0962034
0.329921
0.408238
0.0733138
0.95263
0.855074
0.786634
0.41335
0.509279
0.701135
0.89754
0.691208
0.388582
0.94128
0.935488
0.170708
0.784154
0.193588
0.90909
0.83661
0.658916
0.618209
0.686953
0.256154
0.183746
0.196236
0.160405
0.340525
0.916996
0.343406
0.981119
0.536702
0.919115
0.758
0.728423
0.151452
0.353415
0.26011
0.0455961
0.480377
0.29697
0.368076
0.939391
0.899159
0.162449
0.969421
0.861335
0.936063
0.0792724
0.321866
0.210069
0.993204
0.0158994
0.0683512
0.822742
0.752884
0.649218
0.711074
0.19748
0.794879
0.244332
0.789037
0.964255
0.425769
0.905634
0.684542
0.361218
0.429591
0.149778
0.590532
0.561423
0.675196
0.333759
0.667402
0.140014
0.623609
0.144766
0.037084
0.805022
0.340598
0.796001
0.977109
0.627405
0.110042
0.660841
0.549912
0.164382
0.125893
0.500342
0.181574
0.780251
0.924056
0.896392
0.903616
0.629722
0.929392
0.979815
0.713073
0.918829
0.415811
0.629725
0.360624
0.717031
0.363744
0.950902
0.21709
0.429036
0.399258
0.0514731
0.0855044
0.561949
0.355066
0.366492
0.638873
0.860632
0.0651835
0.286524
0.243721
0.647935
0.866349
0.786124
0.544946
0.9647
0.614109
0.800254
0.585314
0.267526
0.626822
0.474779
0.244794
0.947533
0.113125
0.114913
0.0635342
0.723812
0.674123
0.443135
0.517838
0.607493
0.505211
0.196101
0.765921
0.43481
0.88638
0.361325
0.804959
0.745304
0.783382
0.788811
0.566179
0.74501
0.470703
0.793995
0.332419
0.60269
0.579439
0.788623
0.921194
0.505112
0.812953
0.373761
0.62215
0.211676
0.990438
0.34082
0.727968
0.774096
0.105458
0.938986
0.163796
0.331123
0.67141
0.884067
0.373748
0.981116
0.711789
0.941813
0.346732
0.900309
0.228329
0.934677
0.477287
0.456137
0.979295
0.358173
0.700595
0.0319788
0.593725
0.964433
0.440021
0.044097
0.249766
0.648509
0.359024
0.956517
0.38366
0.149456
0.790121
0.806199
0.953184
0.477027
0.0170798
0.370976
0.128906
0.396977
0.422857
0.58153
0.0772266
0.264483
0.292814
0.748483
0.940137
0.981157
0.375477
0.38321
0.35816
0.850876
0.468935
0.989005
0.4608
0.709803
0.745972
0.639546
0.0150519
0.239229
0.791027
0.928853
0.13197
0.607334
0.109425
0.571491
0.452089
0.329842
0.418401
0.316319
0.689665
0.494891
0.889326
0.610807
0.492887
0.171479
0.525099
0.325221
0.302243
0.91538
0.289447
0.175237
0.733848
0.0187913
0.495139
0.865088
0.0317745
0.548818
0.733634
0.810884
0.451552
0.507614
0.395164
0.662117
0.913469
0.368053
0.745672
0.130798
0.871732
0.163226
0.302461
0.423638
0.577764
0.207237
0.983423
0.828669
0.54258
0.820156
0.0638645
0.0930848
0.305998
0.230903
0.502232
0.583266
0.0730957
0.516092
0.789371
0.793873
0.60847
0.192583
0.843638
0.997931
0.776621
0.95029
0.335624
0.596036
0.343137
0.211709
0.893838
0.432242
0.0950598
0.315533
0.355937
0.925858
0.481399
0.33954
0.637891
0.448744
0.197995
0.231144
0.59384
0.698844
0.900401
0.695287
0.536727
0.132197
0.598594
0.423547
0.409526
0.122441
0.969906
0.402387
0.124941
0.267512
0.550984
0.155422
0.422812
0.081876
0.726473
0.494497
0.00337721
0.333835
0.754574
0.492099
0.543599
0.513707
0.761987
0.280049
0.779677
0.956975
0.675795
0.746012
0.429019
0.0122318
0.514684
0.135039
0.655429
0.360027
0.7229
0.622647
0.727868
0.169216
0.729704
0.909936
0.769763
0.490899
0.477027
0.0860535
0.543382
0.547893
0.823201
0.0698739
0.758933
0.863741
0.622306
0.226147
0.861576
0.760541
0.780379
0.445158
0.693074
0.198798
0.555383
0.177852
0.361432
0.951399
0.643556
0.521406
0.856002
0.681743
0.34056
0.145387
0.473369
0.27209
0.843738
0.121711
0.0452605
0.878629
0.0564692
0.152783
0.674009
0.441024
0.344377
0.139224
0.141681
0.0210645
0.0311888
0.662574
0.0519721
0.807698
0.839751
0.586224
0.532735
0.696764
0.232586
0.0970058
0.161384
0.512558
0.376522
0.263249
0.859609
0.635971
0.272876
0.349334
0.804905
0.374995
0.165244
0.307002
0.00186124
0.471768
0.2614
0.277893
0.00505246
0.998999
0.0982255
0.36065
0.480333
0.443988
0.837121
0.741524
0.47182
0.867286
0.630705
0.0780133
0.216734
0.775475
0.542013
0.867327
0.126739
0.986698
0.0513032
0.551407
0.0273625
0.147173
0.9935
0.679109
0.24817
0.704771
0.138124
0.890731
0.736881
0.348641
0.379361
0.849458
0.782185
0.403441
0.1709
0.816518
0.0851156
0.861747
0.262486
0.696104
0.492663
0.140345
0.113683
0.8871
0.223949
0.777272
0.801155
0.871715
0.759423
0.39516
0.671762
0.530897
0.114368
0.322295
0.751648
0.177727
0.279717
0.761279
0.650611
0.729815
0.703505
0.587915
0.603155
0.129748
0.257436
0.970756
0.818077
0.104507
0.544508
0.915016
0.47066
0.716129
0.436986
0.917821
0.0332496
0.384057
0.687377
0.517731
0.777032
0.942245
0.728314
0.455373
0.75117
0.235168
0.418656
0.0930614
0.687367
0.632163
0.690237
0.76785
0.787749
0.469056
0.23153
0.779105
0.306596
0.285857
0.18763
0.776148
0.054737
0.578997
0.693439
0.326864
0.326318
0.844896
0.95647
0.217501
0.514665
0.449249
0.658532
0.894275
0.422666
0.201842
0.462011
0.168275
0.829292
0.640187
0.880684
0.78826
0.792309
0.68676
0.599907
0.378852
0.108188
0.56431
0.629272
0.345213
0.311288
0.709438
0.186538
0.524364
0.535963
0.750389
0.262205
0.172201
0.454716
0.488898
0.834171
0.00311241
0.527596
0.3786
0.703699
0.711349
0.0626349
0.163686
0.607954
0.0960916
0.171118
0.542622
0.192095
0.607733
0.874763
0.118006
0.847021
0.0732041
0.905978
0.366584
0.819293
0.372716
0.75607
0.425948
0.592828
0.899549
0.0577402
0.37996
0.173466
0.272079
0.0445961
0.277209
0.901578
0.70338
0.315983
0.548042
0.22812
0.54801
0.173137
0.37252
0.255343
0.0611021
0.613518
0.83306
0.179863
0.263189
0.828523
0.0998466
0.136152
0.76624
0.157435
0.0416035
0.598
0.708136
0.532011
0.667014
0.541945
0.959815
0.169534
0.720927
0.397578
0.673071
0.000145649
0.90394
0.402266
0.606868
0.368643
0.784688
0.0227566
0.265401
0.0541998
0.0179601
0.176085
0.358617
0.867878
0.724393
0.294655
0.360572
0.27401
0.951415
0.0596875
0.229334
0.428996
0.182433
0.250858
0.206577
0.927197
0.351552
0.436787
0.731227
0.706918
0.885789
0.806328
0.919996
0.0362658
0.630204
0.158874
0.884479
0.388923
0.851708
0.291969
0.333353
0.142139
0.102737
0.302472
0.590055
0.380681
0.980552
0.520614
0.976988
0.849137
0.372496
0.905247
0.957997
0.704419
0.389885
0.273166
0.654443
0.502101
0.823598
0.150079
0.324935
0.829829
0.349559
0.323935
0.336187
0.18412
0.0548456
0.225766
0.0833869
0.740578
0.556554
0.0751943
0.186543
0.876156
0.0252915
0.328877
0.0175234
0.356887
0.960489
0.0370847
0.0775582
0.202665
0.561934
0.392434
0.00695823
0.0155824
0.571716
0.439173
0.500715
0.506443
0.82443
0.747081
0.92504
0.515842
0.344101
0.57623
0.34543
0.5552
0.92416
0.439667
0.376778
0.311821
0.342629
0.727602
0.260405
0.224431
0.833314
0.819729
0.134168
0.421839
0.928664
0.767143
0.0453798
0.710335
0.967414
0.860748
0.691725
0.194195
0.531763
0.926874
0.637124
0.94693
0.708017
0.364908
0.382034
0.393933
0.479539
0.33996
0.598325
0.57062
0.384402
0.472693
0.948837
0.941392
0.0509917
0.763763
0.180396
0.822523
0.473377
0.134528
0.243153
0.167894
0.0871313
0.407871
0.180871
0.526228
0.0756788
0.869267
0.410056
0.00781934
0.719676
0.275513
0.223836
0.425922
0.19089
0.249144
0.052542
0.0243703
0.801469
0.45557
0.0237731
0.736869
0.376844
0.799634
0.707038
0.451599
0.395303
0.126013
0.550025
0.177641
0.663991
0.927035
0.760168
0.992756
0.627988
0.410018
0.682652
0.402446
0.0362643
0.320054
0.405674
0.258625
0.493951
0.125688
0.851625
0.195175
0.298036
0.372559
0.490732
0.983191
0.271857
0.140987
0.369992
0.205114
0.803161
0.646098
0.184268
0.882913
0.128227
0.0459128
0.305896
0.000533724
0.0591093
0.645598
0.804878
0.423967
0.271331
0.322043
0.771999
0.903716
0.659695
0.558971
0.533066
0.469042
0.565623
0.770666
0.250258
0.266485
0.934528
0.659692
0.506819
0.0815855
0.643912
0.581255
0.988482
0.589615
0.218932
0.378089
0.823033
0.868205
0.995476
0.0789454
0.586128
0.526433
0.695202
0.15006
0.36462
0.284393
0.764757
0.451065
0.830315
0.251694
0.0177872
0.00865089
0.286177
0.313355
0.227834
0.751985
0.419641
0.998136
0.699583
0.901509
0.251573
0.970804
0.625643
0.741756
0.0321141
0.721102
0.559334
0.701
0.315787
0.402697
0.221633
0.605452
0.581271
0.152135
0.402148
0.249776
0.486946
0.598838
0.551205
0.906287
0.138103
0.795734
0.207535
0.184321
0.414581
0.638113
0.0109808
0.509204
0.0991522
0.295818
0.396037
0.500019
0.281523
0.123999
0.707613
0.703356
0.433453
0.613254
0.618977
0.59883
0.9565
0.798792
0.632093
0.740191
0.20176
0.273685
0.58239
0.836256
0.274057
0.331752
0.209518
0.758339
0.698805
0.296834
0.506034
0.623862
0.88855
0.418795
0.0234409
0.640618
0.411465
0.92707
0.784083
0.551344
0.12212
0.676937
0.515608
0.544325
0.244905
0.175918
0.117226
0.220753
0.00441873
0.640871
0.184514
0.314911
0.813097
0.568508
0.479831
0.511771
0.176396
0.211971
0.439321
0.205049
0.839873
0.360883
0.605468
0.133324
0.186539
0.401501
0.784589
0.43591
0.0845442
0.874343
0.678695
0.922915
0.297165
0.750954
0.321969
0.531642
0.516313
0.621254
0.747136
0.0757036
0.276584
0.507171
0.721306
0.0272166
0.1869
0.284869
0.0859419
0.339218
0.205444
0.851646
0.44042
0.178995
0.408541
0.0450823
0.404174
0.571767
0.510653
0.516188
0.229862
0.702062
0.367093
0.656933
0.71113
0.678606
0.103335
0.0533832
0.361932
0.278115
0.010235
0.700883
0.613319
0.37576
0.830012
0.173939
0.485312
0.0120043
0.588316
0.582212
0.862381
0.744046
0.436933
0.752397
0.635226
0.0256774
0.139008
0.502714
0.780888
0.826631
0.709075
0.393923
0.152429
0.791383
0.358791
0.19352
0.85667
0.187924
0.0373989
0.798908
0.589857
0.0148866
0.567568
0.366357
0.464132
0.626104
0.911791
0.971567
0.604958
0.757491
0.205741
0.0873791
0.527303
0.582604
0.650068
0.292563
0.171479
0.802196
0.422584
0.246046
0.639363
0.669787
0.0909831
0.27572
0.691808
0.0646794
0.401608
0.570395
0.8388
0.574315
0.700027
0.189492
0.760518
0.44686
0.164608
0.184926
0.886229
0.446814
0.837587
0.755009
0.964696
0.466793
0.155898
0.701286
0.775835
0.357576
0.364771
0.463261
0.400124
0.852986
0.885058
0.721732
0.883918
0.614502
0.330693
0.36134
0.78884
0.149386
0.765468
0.38885
0.395235
0.898937
0.713893
0.926911
0.0231321
0.206718
0.888167
0.660826
0.420086
0.448466
0.684771
0.172884
0.992643
0.142488
0.905068
0.0620829
0.535633
0.688837
0.231516
0.217229
0.810395
0.88143
0.690482
0.643504
0.524425
0.625013
0.971534
0.20941
0.729449
0.592772
0.541695
0.256264
0.202673
0.115198
0.652351
0.163113
0.258281
0.134519
0.184295
0.83871
0.863388
0.492473
0.648988
0.442263
0.32965
0.232656
0.101007
0.0774541
0.806348
0.355312
0.925474
0.340591
0.938599
0.796687
0.0495987
0.661401
0.0119688
0.309182
0.347092
0.153251
0.135061
0.114604
0.101188
0.59983
0.120589
0.27522
0.596553
0.527739
0.507371
0.0607233
0.313759
0.746014
0.392211
0.467735
0.759049
0.553742
0.298613
0.461035
0.494223
0.400329
0.866519
0.700388
0.255044
0.245373
0.427145
0.367093
0.647458
0.70724
0.624225
0.235142
0.341789
0.273734
0.925903
0.561376
0.262847
0.634615
0.72244
0.843393
0.0696276
0.88822
0.31936
0.440996
0.289637
0.814491
0.885849
0.970634
0.05838
0.364951
0.388837
0.408938
0.804296
0.71643
0.0548076
0.333969
0.216098
0.945185
0.773105
0.590786
0.244712
0.391601
0.157774
0.64832
0.88766
0.119303
0.394633
0.334814
0.539219
0.436374
0.330535
0.75019
0.408226
0.800664
0.384673
0.30125
0.293058
0.25577
0.59855
0.964175
0.259168
0.752836
0.2976
0.855746
0.600701
0.347404
0.0770354
0.0826733
0.0766495
0.305153
0.741344
0.566775
0.323068
0.649953
0.57428
0.637602
0.860085
0.784459
0.0173361
0.275559
0.168155
0.713035
0.932747
0.821972
0.871515
0.731725
0.83496
0.849058
0.477695
0.933242
0.951874
0.922406
0.443568
0.102013
0.985322
0.85049
0.88377
0.860791
0.136106
0.119725
0.156656
0.316944
0.280918
0.874586
0.102063
0.912513
0.158828
0.0742781
0.994861
0.946846
0.621082
0.91975
0.667472
0.66072
0.927006
0.651493
0.0406425
0.428577
0.145082
0.534513
0.392258
0.990821
0.34592
0.91257
0.127391
0.73764
0.127639
0.487504
0.712049
0.769323
0.0388973
0.547736
0.646598
0.149291
0.552775
0.674852
0.878012
0.814536
0.369668
0.519891
0.61131
0.445447
0.509157
0.671897
0.980835
0.490637
0.45354
0.406804
0.825419
0.0183706
0.168446
0.166491
0.964408
0.344021
0.625765
0.345755
0.401184
0.620651
0.684809
0.979665
0.745825
0.511348
0.128978
0.432119
0.780046
0.97949
0.404545
0.895467
0.442656
0.718737
0.401258
0.207968
0.0277673
0.504635
0.607999
0.472472
0.7958
0.142587
0.758573
0.264733
0.99003
0.737964
0.685432
0.714444
0.35871
0.250529
0.265243
0.621582
0.723607
0.975148
0.740282
0.815277
0.560538
0.149175
0.220897
0.811612
0.241099
0.206645
0.0630663
0.18775
0.10908
0.159823
0.77143
0.194288
0.816739
0.962656
0.703565
0.833419
0.43068
0.704289
0.829987
0.83714
0.509914
0.452723
0.280026
0.087822
0.00225723
0.507862
0.513595
0.947951
0.26725
0.587787
0.316339
0.352821
0.199804
0.636147
0.74433
0.139583
0.992795
0.710989
0.163808
0.886739
0.551382
0.609076
0.142258
0.759884
0.212829
0.885339
0.0726772
0.0136058
0.0384644
0.0308063
0.753767
0.0565513
0.418724
0.259614
0.633151
0.328294
0.639588
0.70566
0.052656
0.881547
0.949883
0.213855
0.891556
0.409636
0.126151
0.209058
0.332654
0.077279
0.0800715
0.822708
0.94093
0.115464
0.497456
0.380412
0.737738
0.00705217
0.406659
0.873848
0.537197
0.62585
0.455343
0.496056
0.509362
0.898832
0.34933
0.873221
0.494088
0.356539
0.340718
0.78554
0.844059
0.825991
0.773117
0.454773
0.185685
0.0281628
0.0828432
0.240538
0.0121445
0.29498
0.798449
0.907599
0.853385
0.478025
0.530884
0.823769
0.138383
0.684238
0.0404134
0.784823
0.487873
0.502711
0.0905057
0.824729
0.336213
0.579058
0.53889
0.293675
0.553819
0.535615
0.21342
0.805901
0.872858
0.472238
0.0229006
0.496219
0.652695
0.461308
0.173942
0.052456
0.69168
0.51789
0.959926
0.287946
0.564118
0.302493
0.771765
0.411395
0.414329
0.404619
0.240816
0.315541
0.0990067
0.933181
0.48394
0.526221
0.889895
0.726096
0.802898
0.199735
0.108142
0.835011
0.989676
0.438473
0.697055
0.620789
0.672291
0.807235
0.047327
0.0652417
0.910458
0.562244
0.957866
0.960624
0.61105
0.0402446
0.792533
0.643494
0.222662
0.119709
0.821575
0.843098
0.128615
0.819379
0.111671
0.9742
0.486784
0.417482
0.0701511
0.165322
0.094117
0.0971269
0.0504263
0.221779
0.50034
0.785937
0.464884
0.60842
0.0391824
0.793043
0.0637156
0.783559
0.725917
0.318213
0.0131271
0.526766
0.608503
0.784609
0.124378
0.441436
0.707994
0.0366939
0.320437
0.993403
0.208177
0.427643
0.609949
0.276678
0.520134
0.226928
0.0989608
0.71462
0.364855
0.240145
0.347673
0.116116
0.0344037
0.304011
0.932284
0.657296
0.00123725
0.399473
0.529229
0.958194
0.424913
0.797265
0.897501
0.697367
0.684692
0.058766
0.138634
0.691444
0.868472
0.14731
0.0731664
0.0832546
0.774176
0.295406
0.0426498
0.630539
0.127355
0.0997608
0.924469
0.425128
0.938021
0.326842
0.0591974
0.251797
0.0496954
0.85061
0.975652
0.873563
0.74548
0.148499
0.629187
0.40146
0.936792
0.980317
0.0311845
0.60437
0.342043
0.363471
0.486036
0.641898
0.856524
0.85026
0.0238421
0.294079
0.0370384
0.727064
0.447335
0.599254
0.527068
0.868286
0.49152
0.569288
0.844106
0.634813
0.0584337
0.0647871
0.277141
0.415639
0.817081
0.548122
0.827466
0.671028
0.366168
0.448464
0.866587
0.162197
0.437176
0.434911
0.374863
0.694943
0.942484
0.704948
0.316702
0.641896
0.99852
0.517422
0.498761
0.699943
0.064457
0.557207
0.434492
0.408437
0.696569
0.237155
0.981875
0.739354
0.823001
0.504991
0.754632
0.73006
0.225928
0.949486
0.816938
0.282921
0.493762
0.920127
0.132864
0.124515
0.788122
0.322412
0.486947
0.220431
0.0573823
0.149164
0.849754
0.290755
0.543536
0.0104671
0.133826
0.906066
0.190921
0.822731
0.384826
0.694697
0.303415
0.995093
0.0112157
0.480251
0.557215
0.00729914
0.413902
0.765238
0.041803
0.946992
0.443357
0.915854
0.0786828
0.894467
0.940474
0.984625
0.341906
0.760943
0.684863
0.719274
0.194853
0.549085
0.796049
0.719902
0.280653
0.837513
0.747243
0.406476
0.510436
0.833189
0.72363
0.749891
0.214389
0.563554
0.895664
0.0597042
0.726893
0.89751
0.847295
0.347249
0.91574
0.849205
0.0559643
0.570857
0.457448
0.660641
0.894386
0.570613
0.753281
0.839816
0.126554
0.111381
0.123217
0.592975
0.345342
0.0100384
0.577323
0.565977
0.961538
0.827615
0.251957
0.0988937
0.817484
0.919337
0.983426
0.111926
0.00912716
0.468302
0.56188
0.716405
0.330077
0.101759
0.768553
0.686231
0.115834
0.839196
0.935705
0.845832
0.291116
0.38339
0.906595
0.120383
0.789557
0.54658
0.825128
0.984427
0.391097
0.758787
0.847853
0.449137
0.00378054
0.256944
0.780517
0.562182
0.15645
0.381184
0.833009
0.330657
0.605483
0.885033
0.976153
0.00896884
0.765414
0.272856
0.329835
0.0173781
0.697271
0.368107
0.966092
0.762475
0.469967
0.982417
0.411528
0.7262
0.501443
0.185904
0.335264
0.613493
0.674421
0.131839
0.281291
0.0564642
0.777723
0.835675
0.764256
0.859909
0.0460754
0.665551
0.0994494
0.307877
0.455805
0.883071
0.403344
0.295123
0.400819
0.773163
0.334031
0.895414
0.0838028
0.262772
0.936166
0.368521
0.588225
0.998766
0.295392
0.499146
0.628552
0.756384
0.424169
0.776791
0.166594
0.984921
0.8316
0.315693
0.662187
0.568724
0.0628981
0.13497
0.541555
0.901459
0.798437
0.830642
0.773837
0.405669
0.300882
0.986613
0.0716082
0.0698487
0.943103
0.681717
0.626829
0.537444
0.884284
0.299087
0.871526
0.243404
0.526563
0.839536
0.864723
0.592046
0.959669
0.824561
0.0242776
0.954915
0.194945
0.0507243
0.67451
0.838745
0.0711128
0.63292
0.998383
0.472324
0.790057
0.901268
0.92158
0.207866
0.628463
0.108657
0.964006
0.01187
0.599906
0.545117
0.771567
0.806951
0.773974
0.70352
0.0201145
0.350539
0.445053
0.0670198
0.109706
0.667317
0.865987
0.796203
0.443892
0.0496605
0.919457
0.510259
0.111645
0.466034
0.742208
0.864302
0.249177
0.744977
0.0702622
0.600323
0.959562
0.748768
0.764022
0.797167
0.182406
0.0454319
0.785871
0.12522
0.246644
0.115533
0.164175
0.418748
0.573547
0.460366
0.16746
0.998998
0.392293
0.333433
0.252336
0.374577
0.956389
0.606597
0.712617
0.933926
0.488945
0.552205
0.914582
0.399993
0.0662295
0.854516
0.792074
0.913819
0.930799
0.318187
0.546445
0.664556
0.934333
0.876928
0.0764633
0.703094
0.695703
0.813259
0.226844
0.777369
0.751351
0.802263
0.486123
0.938983
0.67869
0.700239
0.556944
0.325896
0.407921
0.773234
0.842286
0.161405
0.638184
0.521887
0.435994
0.788028
0.513913
0.248723
0.14331
0.195298
0.21027
0.526322
0.402565
0.292088
0.673409
0.35194
0.2385
0.284879
0.69503
0.894567
0.0421002
0.711459
0.136367
0.39487
0.27328
0.196647
0.237491
0.685471
0.71068
0.15697
0.940231
0.328096
0.82475
0.385168
0.483474
0.143992
0.351153
0.807589
0.341605
0.327485
0.932402
0.554018
0.780029
0.880265
0.13908
0.948692
0.226088
0.142787
0.719647
0.434012
0.0394701
0.41865
0.876724
0.364999
0.289031
0.90744
0.321628
0.673133
0.411938
0.780107
0.688248
0.360775
0.698499
0.792183
0.0698635
0.75743
0.0760834
0.171818
0.887508
0.646686
0.0263566
0.405396
0.818219
0.294024
0.164075
0.879808
0.103505
0.553802
0.349985
0.176465
0.311695
0.155986
0.558877
0.707735
0.966808
0.61014
0.462313
0.42288
0.519489
0.811089
0.542974
0.318171
0.56153
0.674699
0.825377
0.408447
0.817255
0.708745
0.0423569
0.0396963
0.687986
0.821283
0.676656
0.607461
0.0161838
0.0435293
0.319155
0.378897
0.580457
0.735453
0.234505
0.0197474
0.703872
0.00956466
0.558855
0.719755
0.281826
0.961399
0.784514
0.469617
0.752477
0.635978
0.406981
0.489086
0.746361
0.628368
0.0706903
0.757442
0.208171
0.149822
0.52453
0.901643
0.357569
0.398492
0.0925704
0.253087
0.589375
0.369843
0.126808
0.80297
0.656231
0.0174909
0.997914
0.763527
0.514528
0.515538
0.664029
0.773564
0.545398
0.931669
0.0665037
0.0784075
0.46208
0.126954
0.377386
0.405496
0.844694
0.542165
0.716156
0.343028
0.292314
0.197229
0.397521
0.600325
0.470594
0.874075
0.143573
0.918262
0.78749
0.639406
0.236243
0.761998
0.454742
0.690739
0.183189
0.957864
0.333203
0.767955
0.0755359
0.147228
0.120212
0.175055
0.509143
0.711812
0.789129
0.510658
0.649863
0.836071
0.371622
0.717794
0.96187
0.262786
0.372178
0.841153
0.0932458
0.0117883
0.916379
0.896514
0.465895
0.749524
0.623467
0.0377444
0.490798
0.790692
0.742796
0.27996
0.623637
0.225731
0.754077
0.514511
0.795846
0.379265
0.136505
0.968729
0.571457
0.464527
0.725108
0.00960399
0.510475
0.0256017
0.434432
0.122333
0.284045
0.191199
0.588196
0.243249
0.368613
0.0585002
0.548838
0.0741422
0.3488
0.391966
0.633783
0.953553
0.488492
0.518972
0.552544
0.95154
0.772043
0.0443488
0.925503
0.28675
0.584547
0.725695
0.901391
0.956997
0.538437
0.120013
0.944735
0.229564
0.418626
0.865298
0.560752
0.510563
0.477488
0.653244
0.991225
0.746828
0.271627
0.45946
0.0364557
0.247315
0.873945
0.345357
0.933845
0.358108
0.605155
0.159306
0.357061
0.715994
0.594264
0.616809
0.479065
0.878313
0.0591853
0.121171
0.0507678
0.426564
0.714629
0.428063
0.932522
0.387748
0.077378
0.340158
0.40953
0.833528
0.348887
0.14785
0.383004
0.0524027
0.421761
0.0186023
0.0779753
0.659903
0.0761444
0.850995
0.647892
0.262571
0.986963
0.242482
0.759998
0.522387
0.558571
0.954454
0.504864
0.603271
0.241196
0.651658
0.589052
0.48831
0.195284
0.249737
0.576056
0.197006
0.962951
0.157921
0.757233
0.0145202
0.973076
0.0152826
0.434217
0.824761
0.46905
0.212902
0.306483
0.417987
0.916163
0.710212
0.402783
0.156961
0.0136749
0.293429
0.620101
0.877721
0.0295546
0.76608
0.246303
0.541751
0.09575
0.760459
0.779114
0.887979
0.900014
0.900683
0.247
0.790389
0.709909
0.26389
0.052041
0.0541515
0.474084
0.104802
0.986251
0.225084
0.751951
0.571448
0.0923553
0.061162
0.735341
0.93615
0.444833
0.457182
0.0668344
0.0957874
0.331911
0.346213
0.228401
0.240964
0.340302
0.552258
0.53085
0.461305
0.593566
0.559626
0.638973
0.0478532
0.96705
0.333407
0.675019
0.241821
0.520018
0.0532929
0.313566
0.90697
0.495322
0.645292
0.433675
0.838329
0.481225
0.301461
0.606538
0.998795
0.891457
0.184269
0.981349
0.404789
0.982148
0.086104
0.779673
0.230265
0.381741
0.709627
0.00925533
0.792239
0.596392
0.21287
0.470194
0.427011
0.755533
0.376833
0.380444
0.711267
0.365105
0.0145031
0.89082
0.804724
0.0833234
0.645935
0.69984
0.862731
0.96711
0.380623
0.160682
0.0488478
0.22733
0.0715102
0.499036
0.838592
0.918792
0.814594
0.405687
0.193191
0.865329
0.151172
0.894872
0.144045
0.0130364
0.0648028
0.768072
0.658916
0.659197
0.126564
0.710207
0.327157
0.700492
0.727968
0.240203
0.466507
0.879089
0.72369
0.399283
0.195906
0.955869
0.496752
0.76639
0.348483
0.0389463
0.715321
0.956224
0.710384
0.957447
0.657606
0.0966387
0.352403
0.984094
0.423802
0.506511
0.928881
0.843787
0.35884
0.739586
0.222451
0.846244
0.974226
0.887618
0.784166
0.831819
0.733726
0.844898
0.82518
0.0625875
0.266706
0.107539
0.920403
0.221992
0.186297
0.760495
0.0983941
0.16219
0.165548
0.132089
0.797602
0.786228
0.430548
0.333125
0.962239
0.277868
0.51383
0.308734
0.359878
0.300696
0.320283
0.723537
0.325398
0.0275832
0.733028
0.105475
0.441114
0.186125
0.505601
0.573213
0.461754
0.470749
0.0876559
0.997571
0.416528
0.134089
0.269189
0.54165
0.811107
0.665722
0.664203
0.0177339
0.18452
0.600767
0.873577
0.554778
0.712391
0.676323
0.767829
0.676983
0.965799
0.0501252
0.940788
0.817964
0.765378
0.383509
0.976551
0.524128
0.192592
0.368004
0.681201
0.798538
0.688345
0.334827
0.445037
0.249462
0.208447
0.0717405
0.181959
0.763275
0.550984
0.334843
0.405554
0.295854
0.503727
0.573583
0.485512
0.0241408
0.452082
0.235973
0.526786
0.163862
0.840859
0.668325
0.475838
0.307784
0.373121
0.854038
0.180891
0.302675
0.743498
0.995018
0.91943
0.886832
0.888357
0.600738
0.225102
0.567398
0.753211
0.223665
0.647255
0.822751
0.595877
0.500572
0.0639491
0.234005
0.0506152
0.601873
0.0236278
0.749143
0.418326
0.401593
0.924021
0.774864
0.872866
0.798156
0.390814
0.957448
0.696662
0.090821
0.270527
0.489353
0.0622266
0.915287
0.106768
0.198247
0.416234
0.438044
0.0484067
0.169001
0.0971356
0.214326
0.785188
0.0686043
0.545479
0.287458
0.1609
0.135617
0.217057
0.201582
0.97326
0.420337
0.665582
0.0978975
0.567134
0.668858
0.49902
0.290295
0.163722
0.846709
0.178565
0.206271
0.547081
0.721019
0.394972
0.0839325
0.783364
0.155118
0.553317
0.435713
0.0963016
0.402585
0.854733
0.575833
0.248152
0.418637
0.614345
0.455683
0.108263
0.493589
0.458399
0.323989
0.612637
0.88399
0.670778
0.721401
0.284938
0.65539
0.707358
0.575514
0.395823
0.485138
0.882547
0.0276906
0.575863
0.8636
0.571985
0.710871
0.160132
0.199108
0.172259
0.489748
0.988124
0.877791
0.111422
0.281843
0.967097
0.944632
0.384758
0.452176
0.0428899
0.760281
0.249513
0.748739
0.335325
0.511682
0.815769
0.444829
0.369096
0.79265
0.48827
0.257164
0.530936
0.484273
0.268053
0.264812
0.0271874
0.283387
0.326162
0.556773
0.430209
0.850734
0.478553
0.184211
0.925939
0.683547
0.633652
0.39906
0.796354
0.169461
0.63451
0.291798
0.877519
0.35591
0.780718
0.0632075
0.566316
0.0335674
0.818632
0.689443
0.290455
0.40168
0.16959
0.771713
0.354759
0.975153
0.222536
0.809116
0.910594
0.498643
0.835619
0.184069
0.00756201
0.242131
0.0021195
0.906619
0.935063
0.598891
0.345343
0.318868
0.398336
0.539395
0.222896
0.372666
0.860599
0.182543
0.114697
0.498519
0.271691
0.964863
0.502572
0.709136
0.104033
0.205594
0.930897
0.28506
0.179774
0.761095
0.718336
0.482464
0.286695
0.494047
0.866821
0.681566
0.714645
0.890214
0.183503
0.214331
0.221962
0.944219
0.00526719
0.507313
0.996024
0.875344
0.36853
0.109565
0.151704
0.212015
0.429895
0.181254
0.442181
0.498282
0.46944
0.230357
0.00180019
0.499242
0.867183
0.313237
0.0562937
0.907742
0.379612
0.851257
0.370418
0.204571
0.995404
0.919832
0.80326
0.363023
0.853459
0.221574
0.46206
0.585293
0.117238
0.776583
0.676626
0.627062
0.424013
0.578908
0.94349
0.610079
0.910436
0.0698455
0.559521
0.325855
0.143637
0.782523
0.134561
0.47656
0.946771
0.22047
0.417755
0.520975
0.890192
0.523498
0.518222
0.690381
0.287764
0.300655
0.070176
0.0899026
0.465969
0.392579
0.986115
0.423802
0.40023
0.220189
0.990462
0.400199
0.911386
0.933824
0.45164
0.62929
0.636616
0.582647
0.458855
0.826874
0.455038
0.530276
0.183856
0.615948
0.154101
0.59813
0.802096
0.829869
0.368199
0.0388217
0.448871
0.142745
0.596519
0.0791413
0.767792
0.0857071
0.741579
0.902143
0.632111
0.408661
0.840822
0.393647
0.272528
0.386577
0.636163
0.748451
0.715888
0.288236
0.849925
0.512231
0.0692289
0.880989
0.827697
0.113902
0.207273
0.136566
0.225144
0.528745
0.220179
0.369191
0.909559
0.581374
0.912953
0.624143
0.13275
0.75481
0.101435
0.366462
0.255418
0.520792
0.996177
0.492109
0.719819
0.4637
0.97453
0.765257
0.996872
0.950789
0.633083
0.779657
0.742676
0.811458
0.89506
0.638215
0.852374
0.0173465
0.458985
0.415232
0.0860194
0.52433
0.0805221
0.902402
0.102894
0.9755
0.805258
0.881536
0.216952
0.227731
0.324073
0.342412
0.659725
0.551318
0.0186617
0.34521
0.264518
0.48874
0.738829
0.728926
0.771613
0.0518649
0.364223
0.299931
0.732239
0.422822
0.0977104
0.698198
0.879857
0.156816
0.338217
0.423767
0.570576
0.826098
0.770517
0.43143
0.368287
0.716795
0.855982
0.501552
0.851768
0.644038
0.0937755
0.417854
0.733035
0.109345
0.837454
0.112704
0.447904
0.75854
0.777648
0.57446
0.00372442
0.960377
0.96279
0.632321
0.541707
0.183067
0.358072
0.312669
0.360365
0.692672
0.488715
0.62851
0.92576
0.279197
0.368204
0.984132
0.938861
0.938544
0.921971
0.381431
0.538764
0.27564
0.180905
0.646699
0.600024
0.605484
0.034115
0.138054
0.399242
0.319488
0.704295
0.949624
0.603978
0.101952
0.741697
0.154681
0.103604
0.268932
0.542305
0.116993
0.0934622
0.178581
0.123297
0.268383
0.473206
0.521434
0.58148
0.765425
0.125639
0.514731
0.745891
0.708914
0.011338
0.678707
0.530255
0.966746
0.641481
0.180451
0.280646
0.628941
0.705242
0.113823
0.920785
0.572492
0.499918
0.397768
0.561234
0.648043
0.848307
0.536438
0.490516
0.189135
0.226899
0.446059
0.799525
0.608821
0.140914
0.409569
0.973708
0.863831
0.340636
0.838533
0.379972
0.630039
0.907353
0.446367
0.516339
0.444978
0.902028
0.576273
0.528102
0.856972
0.617991
0.31188
0.662382
0.567417
0.964148
0.542875
0.451381
0.650081
0.828183
0.641283
0.140334
0.646095
0.120144
0.0584601
0.667991
0.126166
0.876771
0.291094
0.382748
0.231517
0.74949
0.13456
0.116054
0.785934
0.879743
0.855525
0.21588
0.48771
0.466251
0.842252
0.5849
0.733427
0.0286022
0.393484
0.648197
0.0746395
0.518783
0.699558
0.396062
0.724617
0.304024
0.533442
0.163254
0.964105
0.17712
0.351309
0.597967
0.831025
0.648457
0.74618
0.873665
0.808615
0.289523
0.713838
0.772996
0.805564
0.22178
0.774269
0.584949
0.578367
0.732547
0.984857
0.914872
0.0433907
0.538293
0.751852
0.174512
0.675783
0.418948
0.77957
0.852023
0.275158
0.511499
0.867423
0.888163
0.358302
0.634048
0.609304
0.315899
0.178291
0.782208
0.645704
0.447569
0.185375
0.323917
0.341473
0.190655
0.324527
0.149071
0.564242
0.916983
0.175304
0.679614
0.961752
0.370726
0.0629931
0.448022
0.157438
0.336974
0.399888
0.319113
0.776538
0.0783155
0.727746
0.571602
0.597692
0.983448
0.300413
0.198414
0.774571
0.699244
0.304543
0.650635
0.741011
0.675137
0.80736
0.178396
0.343742
0.976045
0.360876
0.994217
0.683042
0.20902
0.0226016
0.664434
0.917578
0.980507
0.271391
0.785857
0.293002
0.683958
0.66982
0.210053
0.310916
0.477313
0.326297
0.651441
0.870965
0.223613
0.6854
0.096558
0.546663
0.807563
0.383673
0.998423
0.755827
0.0826273
0.458529
0.942245
0.63405
0.654707
0.625789
0.881858
0.707967
0.654238
0.0758556
0.562554
0.516762
0.324741
0.404511
0.261572
0.667186
0.317902
0.795883
0.950814
0.191613
0.384326
0.572015
0.26254
0.180453
0.550661
0.823939
0.00550532
0.875988
0.788289
0.16491
0.42101
0.192432
0.0537876
0.912268
0.0921197
0.066104
0.409587
0.72479
0.545129
0.20312
0.942519
0.318179
0.621877
0.860385
0.814581
0.623344
0.00404353
0.91839
0.778423
0.499623
0.211562
0.322333
0.684214
0.746817
0.816679
0.814421
0.918462
0.95924
0.321649
0.818105
0.776259
0.336013
0.990948
0.45124
0.453547
0.370782
0.223805
0.920432
0.85042
0.263326
0.334051
0.241667
0.497723
0.629106
0.805767
0.277349
0.450058
0.108512
0.901963
0.291423
0.288896
0.787137
0.0424571
0.5415
0.987558
0.324538
0.514542
0.0317609
0.627367
0.558629
0.749131
0.727256
0.0769804
0.440902
0.440446
0.415313
0.833787
0.227821
0.449929
0.135203
0.500942
0.480159
0.0451674
0.665842
0.387785
0.534405
0.403512
0.33694
0.490147
0.775541
0.111486
0.0248583
0.0924375
0.774716
0.93892
0.757309
0.288239
0.948275
0.992212
0.116391
0.0397199
0.424977
0.265801
0.302049
0.611525
0.376944
0.528436
0.206151
0.451383
0.818178
0.194788
0.78934
0.3772
0.726899
0.600232
0.944035
0.657193
0.422401
0.926248
0.918608
0.798353
0.253098
0.608274
0.55113
0.719394
0.107753
0.620631
0.961453
0.364639
0.384077
0.765728
0.262778
0.621382
0.591562
0.565105
0.0264984
0.650581
0.628843
0.800766
0.525539
0.67691
0.984096
0.307617
0.905073
0.546064
0.181058
0.695657
0.921749
0.947396
0.912102
0.515141
0.898172
0.433033
0.396371
0.903624
0.0123374
0.0918618
0.217014
0.160075
0.738239
0.603506
0.372685
0.546074
0.681692
0.438006
0.242942
0.523504
0.785448
0.565113
0.935397
0.355461
0.715758
0.225325
0.742773
0.42082
0.529138
0.446021
0.60528
0.729377
0.517868
0.0748344
0.0307849
0.415171
0.558358
0.998079
0.543364
0.00126937
0.107015
0.283161
0.180909
0.64152
0.881352
0.210909
0.114779
0.851774
0.428538
0.847653
0.915398
0.710424
0.556643
0.506458
0.462044
0.495579
0.00864818
0.789981
0.175897
0.327416
0.184703
0.0211737
0.951752
0.800987
0.723852
0.0863892
0.295522
0.778597
0.419722
0.845788
0.265461
0.658877
0.571051
0.785034
0.00067963
0.416218
0.000146251
0.707496
0.670168
0.573346
0.886389
0.586577
0.192091
0.756219
0.516877
0.560236
0.276142
0.715756
0.208577
0.165693
0.407473
0.8561
0.883454
0.13146
0.112563
0.0860895
0.888114
0.533328
0.275146
0.765046
0.348634
0.0649085
0.700559
0.763507
0.484723
0.020177
0.234728
0.273149
0.724356
0.600007
0.233257
0.188001
0.322252
0.786306
0.0192695
0.966318
0.639671
0.347138
0.0115678
0.110924
0.204469
0.740841
0.24068
0.64052
0.777963
0.361998
0.764566
0.313404
0.869428
0.968029
0.0452492
0.403417
0.516283
0.236463
0.28805
0.442919
0.449796
0.547948
0.349282
0.195988
0.739486
0.763061
0.0954061
0.503477
0.525004
0.398917
0.0969225
0.29216
0.10004
0.878611
0.517094
0.515707
0.152883
0.905528
0.77927
0.0769287
0.366632
0.436365
0.462232
0.0154651
0.439517
0.568943
0.707076
0.818989
0.952538
0.276081
0.966864
0.331676
0.158493
0.415266
0.187242
0.0827307
0.881929
0.898187
0.698288
0.617604
0.917086
0.896998
0.350518
0.783271
0.975605
0.742783
0.746088
0.617717
0.418738
0.465456
0.92381
0.278879
0.506524
0.373683
0.0575321
0.293091
0.246651
0.162249
0.452769
0.436676
0.794343
0.557908
0.412466
0.536295
0.0366857
0.404278
0.0733032
0.870651
0.225119
0.670315
0.724212
0.706871
0.637817
0.413081
0.277608
0.961141
0.745913
0.535276
0.733483
0.758935
0.747816
0.356994
0.485834
0.922537
0.0713438
0.500527
0.163897
0.240511
0.0202755
0.0787779
0.654731
0.890988
0.0667678
0.389525
0.683249
0.647081
0.784657
0.212628
0.23335
0.946161
0.722769
0.580919
0.622544
0.767645
0.685671
0.590412
0.808257
0.770877
0.157681
0.840796
0.917484
0.290921
0.325104
0.6685
0.751
0.624608
0.341431
0.0807778
0.664459
0.0972672
0.166337
0.020052
0.802058
0.635418
0.795897
0.574852
0.0205131
0.154377
0.0490425
0.281603
0.208193
0.825987
0.260535
0.638941
0.686165
0.178793
0.706376
0.422361
0.15541
0.415172
0.72167
0.447162
0.606749
0.053853
0.371146
0.899579
0.990888
0.350975
0.724108
0.411875
0.455989
0.730614
0.549024
0.924962
0.182025
0.553043
0.677762
0.968537
0.319918
0.833471
0.778915
0.254762
0.109377
0.959868
0.868869
0.515383
0.865678
0.740951
0.919651
0.265873
0.127837
0.441076
0.439101
0.837642
0.961189
0.868305
0.988123
0.184708
0.23128
0.197894
0.930444
0.959243
0.00175665
0.512152
0.317629
0.544106
0.438104
0.00571526
0.458737
0.745693
0.469238
0.3359
0.501634
0.690063
0.83312
0.722886
0.10575
0.211631
0.989339
0.217655
0.544448
0.676455
0.600716
0.169468
0.56866
0.275367
0.657533
0.132807
0.772426
0.899816
0.156213
0.687515
0.404305
0.625388
0.249539
0.229467
0.763704
0.194456
0.445012
0.751218
0.519515
0.765687
0.0537838
0.40683
0.636489
0.622842
0.395618
0.226292
0.65178
0.36918
0.969254
0.0902743
0.0794848
0.54595
0.709413
0.26655
0.0330996
0.839123
0.644463
0.214519
0.327938
0.894788
0.260109
0.442508
0.861891
0.262472
0.770966
0.675728
0.197056
0.389941
0.090389
0.294753
0.940012
0.289738
0.624941
0.553975
0.709264
0.965691
0.27301
0.440448
0.8327
0.692744
0.47523
0.566159
0.14136
0.759273
0.166683
0.0985382
0.0122794
0.398621
0.125137
0.647545
0.423052
0.836222
0.475655
0.308059
0.589018
0.199033
0.580601
0.977025
0.340082
0.269117
0.20612
0.160279
0.477928
0.229742
0.476558
0.292677
0.87543
0.35633
0.799079
0.154067
0.0118043
0.535405
0.946462
0.24455
0.77825
0.30426
0.0950179
0.865364
0.374648
0.576467
0.0904598
0.0984554
0.506925
0.185924
0.799412
0.760778
0.966801
0.44097
0.606783
0.700845
0.949473
0.908756
0.411584
0.400704
0.563667
0.962101
0.249772
0.10513
0.053328
0.165474
0.24332
0.964799
0.143065
0.186642
0.673114
0.033059
0.917328
0.872014
0.0137778
0.759733
0.0230386
0.159119
0.0449465
0.194674
0.110425
0.255269
0.820629
0.295658
0.0161663
0.0685929
0.785647
0.0706293
0.970477
0.314969
0.508118
0.726168
0.0885109
0.185622
0.134116
0.467591
0.335082
0.701926
0.701664
0.211378
0.0144732
0.444228
0.425791
0.181146
0.869981
0.950496
0.848181
0.948027
0.409131
0.135466
0.187197
0.410809
0.213243
0.724218
0.319571
0.445106
0.0818038
0.584982
0.0481975
0.355445
0.786861
0.67916
0.778667
0.998716
0.868213
0.750712
0.904115
0.119087
0.0491302
0.0771509
0.113753
0.825678
0.811717
0.299467
0.944823
0.170691
0.875036
0.741261
0.593602
0.809641
0.416804
0.333408
0.767428
0.769225
0.53202
0.299469
0.673516
0.0245106
0.0102842
0.447907
0.601887
0.362632
0.895583
0.0150392
0.599004
0.505077
0.705035
0.686272
0.0704273
0.184744
0.289295
0.987809
0.536946
0.969875
0.396704
0.3149
0.566365
0.556269
0.145776
0.0291796
0.210076
0.146739
0.621386
0.0765908
0.348849
0.506232
0.79069
0.455704
0.131889
0.353568
0.98502
0.171868
0.409315
0.589402
0.36937
0.60818
0.106436
0.043269
0.342307
0.115377
0.360258
0.56753
0.286195
0.10121
0.213484
0.443811
0.324702
0.568315
0.574982
0.202357
0.648522
0.636812
0.659483
0.252482
0.0243852
0.44419
0.966282
0.412877
0.807066
0.256693
0.767239
0.452279
0.0110054
0.164324
0.849001
0.759224
0.0906145
0.543975
0.978979
0.00580744
0.95958
0.90016
0.246513
0.931501
0.888242
0.20692
0.467981
0.0265555
0.257153
0.402287
0.768378
0.303754
0.505456
0.929533
0.968411
0.194509
0.587004
0.578845
0.0780278
0.709682
0.0965161
0.38359
0.897719
0.201309
0.977633
0.321565
0.41989
0.240266
0.588386
0.713677
0.0671077
0.482402
0.292832
0.00713367
0.817687
0.303326
0.625462
0.908276
0.626672
0.870713
0.174376
0.718354
0.661412
0.701402
0.988752
0.429031
0.140045
0.426821
0.576315
0.0598978
0.281278
0.556749
0.562863
0.0469755
0.625286
0.379729
0.410647
0.19479
0.566467
0.935589
0.269604
0.210397
0.062179
0.829963
0.179293
0.396464
0.882822
0.203189
0.746459
0.29983
0.090167
0.658088
0.759973
0.233824
0.326912
0.139208
0.300428
0.220174
0.754005
0.959788
0.585597
0.0461452
0.0560179
0.44392
0.661559
0.602181
0.65709
0.817757
0.783145
0.113104
0.146586
0.365252
0.754582
0.401114
0.625936
0.835616
0.930042
0.65183
0.509936
0.860371
0.812999
0.907555
0.142956
0.0253181
0.334519
0.811422
0.874208
0.6324
0.814745
0.287274
0.912055
0.89076
0.396342
0.849027
0.955816
0.108066
0.130592
0.69202
0.745612
0.180604
0.34718
0.0470942
0.161382
0.532333
0.0285297
0.528907
0.154775
0.332698
0.261784
0.673987
0.490844
0.149469
0.667704
0.675247
0.112503
0.0952108
0.5516
0.954627
0.43882
0.331302
0.0913664
0.878741
0.711866
0.0192852
0.487573
0.369645
0.32384
0.993403
0.60418
0.0471027
0.842631
0.472224
0.733958
0.464735
0.831735
0.100408
0.18712
0.545298
0.865227
0.111176
0.983174
0.614583
0.100994
0.996066
0.530875
0.567551
0.472242
0.740836
0.378473
0.922016
0.117366
0.41762
0.769927
0.700412
0.398312
0.673595
0.043165
0.196187
0.0237786
0.143059
0.267594
0.348526
0.386562
0.208123
0.521368
0.414767
0.279189
0.801065
0.801286
0.318258
0.699266
0.104325
0.380327
0.370722
0.975371
0.571175
0.626547
0.767477
0.288825
0.97418
0.344859
0.108322
0.947219
0.672214
0.644632
0.941504
0.991888
0.152515
0.196925
0.978565
0.4726
0.483145
0.653918
0.649392
0.777547
0.412756
0.871438
0.067836
0.0789492
0.062434
0.378395
0.298769
0.376539
0.177147
0.0746828
0.51009
0.70155
0.672089
0.041694
0.495739
0.630135
0.420368
0.464696
0.680385
0.10616
0.758721
0.601632
0.084156
0.604263
0.393117
0.640519
0.199039
0.648876
0.611674
0.751264
0.305986
0.737379
0.183141
0.717241
0.318238
0.730883
0.63782
0.614337
0.211965
0.166654
0.623113
0.418578
0.310699
0.258829
0.238529
0.759851
0.993807
0.693303
0.28289
0.475621
0.259753
0.120248
0.724066
0.411457
0.813491
0.0533724
0.335492
0.646172
0.356681
0.525131
0.296254
0.768597
0.694484
0.958819
0.6671
0.940964
0.53885
0.731202
0.133876
0.870979
0.396793
0.0177751
0.863978
0.286958
0.576593
0.737373
0.240459
0.633345
0.173446
0.523505
0.356065
0.404374
0.923229
0.6941
0.0630917
0.550515
0.524921
0.79379
0.344001
0.726581
0.278394
0.96039
0.341486
0.572797
0.0632284
0.901757
0.398529
0.333983
0.0221392
0.63296
0.602255
0.889776
0.679423
0.949823
0.723658
0.383302
0.374889
0.128098
0.400773
0.408481
0.738344
0.766819
0.977685
0.241909
0.0901572
0.697598
0.697798
0.353315
0.296646
0.39086
0.79537
0.238624
0.990319
0.631556
0.4738
0.823085
0.0789639
0.861196
0.618637
0.469815
0.526091
0.488797
0.536187
0.845062
0.521713
0.813159
0.321363
0.935009
0.919811
0.670002
0.647996
0.590907
0.685934
0.487903
0.987293
0.675397
0.121003
0.749177
0.505428
0.0952705
0.6609
0.0479775
0.738213
0.681826
0.332449
0.63767
0.956895
0.014914
0.0313399
0.0574189
0.305948
0.457474
0.984801
0.368778
0.861377
0.740825
0.668562
0.723999
0.499623
0.178604
0.980086
0.45555
0.327752
0.963324
0.281523
0.7209
0.444092
0.676684
0.741419
0.614249
0.971683
0.477921
0.026712
0.99663
0.44198
0.764377
0.586905
0.624815
0.402013
0.863161
0.703023
0.567934
0.262382
0.143384
0.167356
0.492457
0.777043
0.159314
0.942958
0.633357
0.365808
0.362084
0.389135
0.739987
0.450842
0.216163
0.234614
0.623259
0.363631
0.721107
0.0309402
0.64946
0.454896
0.534172
0.229836
0.842162
0.210409
0.930328
0.448734
0.0995295
0.302257
0.867233
0.376696
0.443985
0.674223
0.560644
0.915611
0.305526
0.53306
0.938917
0.629672
0.272014
0.0329278
0.296747
0.574345
0.649988
0.0582934
0.112774
0.281185
0.255831
0.604875
0.18195
0.147833
0.604062
0.90537
0.450344
0.0349272
0.451204
0.651211
0.0140044
0.0306927
0.302173
0.272775
0.412553
0.186375
0.573539
0.527393
0.995213
0.857224
0.452975
0.732789
0.87461
0.085525
0.384382
0.112005
0.504386
0.74238
0.129619
0.871218
0.128276
0.245899
0.799264
0.212546
0.592549
0.129851
0.947551
0.178689
0.123163
0.958308
0.449051
0.71965
0.152102
0.684894
0.213696
0.755976
0.410044
0.82742
0.505829
0.323307
0.961816
0.128135
0.286123
0.519139
0.912155
0.0623725
0.577933
0.579076
0.72256
0.407306
0.628511
0.812765
0.175076
0.0297483
0.617176
0.686298
0.325065
0.572344
0.524268
0.10094
0.220743
0.387026
0.609066
0.435104
0.235699
0.590619
0.515214
0.895334
0.942912
0.099617
0.700256
0.802184
0.967777
0.798587
0.891055
0.134794
0.646241
0.443894
0.727204
0.707434
0.501906
0.875726
0.64333
0.140344
0.96144
0.267967
0.50806
0.245457
0.0723092
0.0573905
0.363417
0.610239
0.981477
0.362872
0.157691
0.481091
0.670071
0.401585
0.975138
0.989129
0.645592
0.18747
0.135842
0.0254726
0.869351
0.866574
0.520511
0.139667
0.569037
0.851434
0.549217
0.688151
0.487115
0.400415
0.809856
0.872498
0.584926
0.622917
0.104396
0.888111
0.151613
0.516687
0.970199
0.236385
0.526548
0.456443
0.979341
0.803277
0.342366
0.908212
0.131039
0.529139
0.156207
0.919722
0.331136
0.33484
0.128269
0.59402
0.188238
0.811986
0.218725
0.216988
0.94188
0.524334
0.717496
0.353625
0.189694
0.234326
0.578484
0.701987
0.484607
0.500307
0.821576
0.127779
0.35586
0.178577
0.0527823
0.0881747
0.435145
0.969406
0.390796
0.0532088
0.95306
0.103186
0.644609
0.818276
0.130516
0.0941243
0.0738982
0.989699
0.192071
0.649377
0.98166
0.702952
0.295539
0.192221
0.642795
0.444083
0.498427
0.169217
0.173609
0.758392
0.219434
0.0235475
0.424445
0.456092
0.974279
0.202749
0.02136
0.0880133
0.486805
0.355459
0.268295
0.407725
0.800855
0.861194
0.303788
0.2848
0.8541
0.818524
0.209442
0.103263
0.796041
0.448444
0.475009
0.223195
0.90415
0.751757
0.683252
0.474404
0.210743
0.0710431
0.864064
0.601163
0.869427
0.0228229
0.558455
0.0620494
0.0144174
0.476435
0.341848
0.358552
0.274096
0.69433
0.448118
0.487373
0.617501
0.446499
0.588747
0.94254
0.661388
0.215888
0.988989
0.59205
0.665744
0.362508
0.993683
0.398292
0.284398
0.329562
0.670868
0.128531
0.84651
0.0675873
0.145318
0.0368218
0.937844
0.885571
0.56273
0.409814
0.374809
0.586282
0.14907
0.241654
0.274497
0.364064
0.87398
0.516866
0.206189
0.813281
0.744382
0.849999
0.257047
0.587643
0.780267
0.577092
0.58099
0.654064
0.373811
0.800944
0.598685
0.647077
0.215421
0.947375
0.139083
0.927359
0.165039
0.569291
0.833542
0.795308
0.766974
0.188731
0.0132475
0.0495161
0.443413
0.652095
0.376707
0.70354
0.322488
0.524948
0.117539
0.0591472
0.244022
0.316446
0.310684
0.532629
0.956189
0.516964
0.759876
0.667366
0.896286
0.772198
0.342901
0.923754
0.210068
0.794506
0.522675
0.414557
0.509807
0.0460216
0.425028
0.488791
0.0758028
0.697697
0.907565
0.887065
0.397145
0.705329
0.164969
0.119982
0.359866
0.113648
0.340356
0.526339
0.485816
0.668255
0.714124
0.0229159
0.255635
0.878957
0.890906
0.458921
0.67642
0.651295
0.738944
0.493995
0.764481
0.00754348
0.373103
0.461659
0.495982
0.852571
0.950122
0.252908
0.471338
0.625155
0.693826
0.802751
0.301748
0.534885
0.827467
0.870644
0.0601971
0.883086
0.112835
0.867862
0.137552
0.741973
0.445544
0.60416
0.258006
0.644418
0.431985
0.619537
0.403283
0.917774
0.789246
0.970467
0.983516
0.210536
0.616138
0.438785
0.9242
0.0187155
0.3382
0.768318
0.0445822
0.505341
0.120144
0.602522
0.192277
0.393883
0.253301
0.967598
0.76255
0.383894
0.968266
0.209487
0.214294
0.87137
0.41198
0.747572
0.0704041
0.632426
0.462513
0.516227
0.864508
0.0704998
0.105365
0.594213
0.628111
0.0990566
0.523876
0.721509
0.886803
0.919155
0.437245
0.341606
0.372425
0.714423
0.142024
0.354713
0.182659
0.738098
0.116681
0.409511
0.772997
0.545406
0.92058
0.324235
0.845017
0.0920169
0.00639809
0.93164
0.799932
0.836314
0.642403
0.713061
0.706375
0.897841
0.935807
0.521757
0.515937
0.828587
0.416213
0.781063
0.442787
0.0945432
0.613935
0.541714
0.644952
0.416541
0.96389
0.475385
0.622896
0.475166
0.141655
0.62007
0.31961
0.300399
0.276866
0.663433
0.177696
0.35591
0.635304
0.489034
0.282873
0.611035
0.795821
0.372308
0.0949078
0.040721
0.00181606
0.484325
0.940913
0.23955
0.0912021
0.50986
0.47503
0.0356781
0.329382
0.75531
0.414624
0.291963
0.31113
0.598202
0.505108
0.398839
0.727909
0.82076
0.23371
0.525704
0.261671
0.632189
0.373907
0.638279
0.927556
0.731845
0.261796
0.396956
0.316888
0.756274
0.734925
0.747479
0.758706
0.709433
0.1511
0.772068
0.421044
0.461066
0.401511
0.773908
0.688925
0.584944
0.284737
0.276614
0.607372
0.941366
0.941271
0.591477
0.453479
0.633761
0.678349
0.351799
0.865191
0.698804
0.76025
0.688761
0.319855
0.800024
0.474446
0.252022
0.601954
0.324937
0.399533
0.857906
0.958365
0.437528
0.0414916
0.128721
0.44368
0.777958
0.621306
0.712629
0.52341
0.68671
0.376204
0.764119
0.324532
0.497665
0.472627
0.968574
0.925228
0.164252
0.265792
0.96139
0.94144
0.141155
0.408122
0.852189
0.485326
0.206314
0.241773
0.282744
0.427141
0.642669
0.273031
0.319425
0.976441
0.859407
0.447222
0.254695
0.547384
0.0495399
0.154233
0.697699
0.745974
0.27532
0.693546
0.298312
0.224801
0.903855
0.97234
0.658507
0.369672
0.55943
0.788444
0.782225
0.190455
0.456205
0.443935
0.417575
0.52633
0.130386
0.297636
0.907914
0.674644
0.344673
0.914885
0.579338
0.301786
0.347644
0.378248
0.105184
0.784632
0.416544
0.259174
0.58935
0.174619
0.570967
0.547436
0.0805496
0.226256
0.889186
0.441089
0.426422
0.367037
0.221698
0.63013
0.660993
0.924477
0.207291
0.727483
0.959688
0.213553
0.245539
0.753206
0.853477
0.132827
0.363467
0.0623038
0.312148
0.63323
0.554627
0.704776
0.198802
0.490228
0.0338683
0.395002
0.610385
0.108832
0.468546
0.115799
0.430122
0.428131
0.379064
0.520028
0.521628
0.689817
0.451907
0.909749
0.268554
0.635403
0.297444
0.716769
0.917035
0.456437
0.733778
0.578074
0.101112
0.432139
0.835349
0.572335
0.889679
0.235419
0.482838
0.79631
0.518408
0.402739
0.919194
0.189358
0.870779
0.135119
0.587119
0.75628
0.338347
0.236504
0.371537
0.617854
0.86261
0.042466
0.379751
0.0797755
0.00777585
0.5619
0.775492
0.836242
0.382079
0.67003
0.702837
0.00149352
0.177016
0.663501
0.98951
0.672155
0.0283537
0.225883
0.270548
0.096261
0.837256
0.387994
0.564615
0.798281
0.0622705
0.822812
0.312759
0.743352
0.188521
0.436796
0.0693592
0.372163
0.722963
0.605866
0.334996
0.322849
0.067284
0.24556
0.135018
0.388087
0.527258
0.0946896
0.304628
0.225067
0.444387
0.960554
0.651728
0.834371
0.0710042
0.909016
0.632049
0.988291
0.35048
0.755498
0.818636
0.835848
0.773484
0.216003
0.147215
0.15125
0.299337
0.954173
0.32763
0.129297
0.391769
0.47117
0.857834
0.253308
0.142862
0.615862
0.787742
0.914752
0.527467
0.735963
0.66643
0.906331
0.343245
0.507565
0.971097
0.590313
0.127415
0.630513
0.750597
0.271861
0.928043
0.576386
0.325514
0.0767393
0.336316
0.380479
0.927989
0.542922
0.00748848
0.395445
0.921098
0.403523
0.149475
0.150751
0.215663
0.449513
0.261069
0.216359
0.807018
0.21061
0.808242
0.789548
0.103917
0.287863
0.388831
0.0684949
0.579864
0.699142
0.303718
0.12218
0.1316
0.772647
0.05245
0.0668904
0.227404
0.204502
0.545397
0.764919
0.946682
0.428529
0.90131
0.373858
0.855636
0.881815
0.89302
0.382095
0.170264
0.837303
0.640348
0.384224
0.495127
0.246844
0.959731
0.71801
0.104063
0.380565
0.594713
0.582985
0.300141
0.355609
0.300366
0.601891
0.599991
0.906932
0.0658056
0.172667
0.289147
0.427851
0.685009
0.27974
0.0729812
0.757287
0.439695
0.410787
0.0560328
0.283641
0.308428
0.492452
0.138969
0.530835
0.673391
0.0183342
0.266438
0.234262
0.637134
0.167046
0.828181
0.439162
0.114507
0.165253
0.549818
0.653435
0.151088
0.593498
0.893832
0.623345
0.0286067
0.116856
0.98123
0.911756
0.799451
0.571372
0.930999
0.671094
0.567708
0.690205
0.116056
0.369743
0.714589
0.918857
0.800366
0.0996148
0.374615
0.771775
0.838896
0.34487
0.0873686
0.0846553
0.704436
0.380078
0.533816
0.713516
0.0269565
0.186459
0.987333
0.108536
0.226809
0.0590028
0.661944
0.645548
0.861832
0.775838
0.246327
0.890812
0.553422
0.356555
0.819804
0.440719
0.928724
0.495148
0.11153
0.670025
0.310467
0.0485807
0.193129
0.0458807
0.843535
0.133116
0.587586
0.0316742
0.988859
0.736075
0.830922
0.912948
0.025268
0.992293
0.5548
0.180877
0.113279
0.446335
0.177496
0.591009
0.62054
0.768831
0.456441
0.183933
0.128745
0.569426
0.443485
0.765645
0.69453
0.00153095
0.361097
0.937137
0.10919
0.751113
0.0122631
0.224642
0.346657
0.481172
0.934807
0.567626
0.243764
0.531565
0.635505
0.173388
0.0117008
0.410679
0.268313
0.288774
0.22678
0.244024
0.554981
0.630901
0.845646
0.968549
0.5306
0.871808
0.26605
0.484915
0.682709
0.692755
0.260475
0.517757
0.885249
0.285131
0.928467
0.328144
0.743482
0.0317983
0.438979
0.760174
0.478814
0.575447
0.457602
0.910822
0.295731
0.8734
0.296446
0.25045
0.524463
0.730273
0.124666
0.917459
0.0521479
0.790323
0.924616
0.59587
0.891489
0.270919
0.62598
0.546838
0.423995
0.997433
0.648363
0.0717473
0.161157
0.421681
0.422908
0.623286
0.416189
0.864519
0.864599
0.198071
0.633936
0.27947
0.393134
0.111844
0.6865
0.416968
0.914652
0.499195
0.961545
0.335478
0.745635
0.406701
0.438137
0.0806768
0.88311
0.136113
0.186908
0.379374
0.604517
0.056793
0.668429
0.446544
0.00847302
0.0013309
0.903065
0.109529
0.949327
0.6419
0.155729
0.931658
0.0783188
0.160291
0.757953
0.805242
0.822793
0.802542
0.521771
0.342135
0.260042
0.107015
0.995272
0.809097
0.910223
0.068828
0.912323
0.928648
0.852149
0.0498832
0.649507
0.804593
0.818819
0.473513
0.312609
0.339724
0.58802
0.00614772
0.954257
0.462011
0.597531
0.537054
0.410678
0.149771
0.287825
0.218561
0.0232757
0.580483
0.651234
0.00504454
0.0119222
0.828419
0.930978
0.26442
0.800184
0.209248
0.707127
0.21583
0.787507
0.281577
0.670428
0.289275
0.770652
0.252831
0.6395
0.984012
0.725426
0.717336
0.875934
0.0377512
0.607548
0.687794
0.0217272
0.565271
0.85398
0.628369
0.201285
0.995803
0.27819
0.97753
0.967524
0.886134
0.70025
0.392348
0.562619
0.404836
0.489002
0.387772
0.104026
0.0813195
0.95691
0.659271
0.179632
0.354494
0.948531
0.0546634
0.134544
0.389163
0.646218
0.0193272
0.679459
0.559453
0.843215
0.291305
0.10392
0.881143
0.686385
0.126853
0.680633
0.0106361
0.857546
0.150821
0.859917
0.431147
0.670712
0.261296
0.835006
0.0567189
0.705829
0.208145
0.490484
0.771964
0.0415291
0.53119
0.524473
0.135987
0.363598
0.966868
0.772519
0.269522
0.465032
0.211254
0.332
0.3065
0.784357
0.127692
0.832595
0.503408
0.37766
0.389787
0.263247
0.911682
0.643531
0.562773
0.0452038
0.937889
0.125493
0.580724
0.13421
0.383955
0.00986183
0.622917
0.394812
0.960074
0.371426
0.45133
0.586361
0.213495
0.1527
0.884161
0.812697
0.577493
0.835008
0.675727
0.332004
0.589747
0.502457
0.0861044
0.0386585
0.9461
0.527919
0.489803
0.771269
0.832372
0.433437
0.563088
0.798099
0.865695
0.190633
0.404772
0.200705
0.0324432
0.947781
0.01452
0.66658
0.692078
0.566311
0.167438
0.789597
0.418031
0.0549921
0.854997
0.234984
0.337116
0.44359
0.52413
0.211887
0.625747
0.518668
0.672917
0.239073
0.424431
0.739617
0.11083
0.498734
0.641465
0.354128
0.0210493
0.28712
0.758374
0.868329
0.601112
0.798785
0.455929
0.670727
0.920309
0.105878
0.340105
0.0581594
0.920732
0.178429
0.838163
0.230198
0.829711
0.799011
0.774568
0.886365
0.0819137
0.456856
0.245987
0.937642
0.100377
0.520712
0.18664
0.773123
0.780447
0.119459
0.816852
0.698612
0.47778
0.506602
0.833378
0.504032
0.531918
0.920755
0.763051
0.38437
0.627684
0.452387
0.775747
0.474928
0.42057
0.175693
0.836631
0.148692
0.0876385
0.0102138
0.0467867
0.266412
0.471393
0.0975458
0.961184
0.0719591
0.406042
0.429391
0.730383
0.448191
0.879362
0.520992
0.87211
0.738766
0.180754
0.459942
0.329071
0.360683
0.256243
0.272106
0.0403898
0.722782
0.221293
0.767489
0.452855
0.391417
0.149071
0.135886
0.764086
0.220316
0.162965
0.508789
0.294967
0.919761
0.768611
0.973576
0.439098
0.535253
0.13555
0.016539
0.809571
0.309957
0.107419
0.705018
0.28789
0.969322
0.477309
0.923762
0.739718
0.492229
0.821938
0.735582
0.859436
0.819703
0.970623
0.142156
0.0687627
0.145437
0.915957
0.247496
0.11005
0.765041
0.320824
0.321439
0.955695
0.841281
0.602931
0.574448
0.874867
0.381503
0.901832
0.747662
0.0922637
0.546689
0.315533
0.0892278
0.135342
0.587634
0.190276
0.790957
0.584923
0.187618
0.950526
0.832504
0.585767
0.960397
0.102299
0.0198531
0.157523
0.394583
0.943488
0.482405
0.834851
0.620511
0.939245
0.507881
0.523504
0.43241
0.312185
0.430688
0.827532
0.599476
0.964814
0.971479
0.0187283
0.507146
0.987782
0.399241
0.832533
0.479009
0.394333
0.571089
0.917488
0.798329
0.978142
0.550595
0.667543
0.611338
0.887906
0.996143
0.822875
0.451165
0.417528
0.799814
0.0172787
0.744107
0.139587
0.427628
0.383405
0.731667
0.394766
0.151463
0.242636
0.431542
0.560393
0.580386
0.136435
0.909454
0.860636
0.746087
0.728885
0.688347
0.946006
0.0424488
0.522775
0.271102
0.0428264
0.960432
0.870625
0.807502
0.0586012
0.998288
0.150788
0.762846
0.655875
0.285659
0.577365
0.92925
0.663759
0.79521
0.157637
0.28388
0.997293
0.564977
0.333028
0.0422509
0.936184
0.581277
0.0743548
0.456619
0.9659
0.764721
0.479097
0.503558
0.360026
0.931342
0.147513
0.659394
0.941381
0.16295
0.0692592
0.585026
0.0268361
0.942758
0.883764
0.0344356
0.133503
0.417457
0.542751
0.544668
0.84543
0.444955
0.295417
0.0529567
0.964692
0.932332
0.385655
0.716133
0.605379
0.637775
0.77169
0.226861
0.222676
0.0690105
0.239587
0.782989
0.989938
0.727833
0.95339
0.682864
0.284224
0.581844
0.0376626
0.0777652
0.466858
0.905267
0.385917
0.0251435
0.700279
0.0872978
0.193408
0.340218
0.621195
0.552751
0.949697
0.936759
0.716794
0.34353
0.541971
0.864861
0.254324
0.798048
0.114757
0.815924
0.556709
0.963446
0.839417
0.549192
0.296922
0.810715
0.692477
0.876155
0.886398
0.0129172
0.372817
0.748453
0.532065
0.229818
0.798121
0.364801
0.767369
0.0764644
0.257113
0.8336
0.874224
0.761314
0.34967
0.874128
0.220359
0.35478
0.811915
0.0483619
0.188144
0.198658
0.913884
0.318127
0.0377427
0.686593
0.800902
0.406195
0.487635
0.958015
0.223463
0.775464
0.460803
0.645591
0.00974012
0.182181
0.994702
0.842753
0.356465
0.378386
0.969204
0.327858
0.744963
0.219218
0.681681
0.374578
0.691902
0.194165
0.887868
0.90357
0.627791
0.242081
0.660326
0.29409
0.22459
0.832116
0.953441
0.845635
0.724973
0.843369
0.372559
0.150277
0.665064
0.909081
0.293911
0.366927
0.158927
0.765086
0.0635243
0.456985
0.198964
0.971501
0.143253
0.306534
0.0111549
0.966913
0.408906
0.245557
0.571935
0.699522
0.319831
0.307459
0.697972
0.435987
0.546889
0.458537
0.221501
0.107026
0.0720308
0.587977
0.448242
0.99013
0.142315
0.138771
0.232691
0.0689911
0.624349
0.672395
0.625944
0.335662
0.423344
0.803814
0.458677
0.00940163
0.820281
0.200172
0.691491
0.771246
0.668225
0.705619
0.73209
0.52937
0.854523
0.608908
0.78937
0.0240789
0.918046
0.935301
0.424995
0.965075
0.27552
0.4141
0.402817
0.029075
0.822311
0.023464
0.217321
0.592252
0.00506853
0.153312
0.968927
0.0624717
0.679657
0.876025
0.33961
0.717007
0.0602578
0.929998
0.970002
0.998042
0.772818
0.459577
0.626894
0.133292
0.258017
0.964448
0.749492
0.814768
0.76555
0.504435
0.295017
0.851004
0.0885796
0.999765
0.0412309
0.941937
0.114176
0.288433
0.56095
0.790254
0.878764
0.747482
0.982309
0.793401
0.28001
0.957781
0.0352722
0.815064
0.884665
0.0680749
0.743087
0.723531
0.821126
0.84709
0.180723
0.589127
0.196708
0.133063
0.376868
0.246867
0.263789
0.5477
0.124708
0.67753
0.371273
0.489737
0.773044
0.328505
0.114918
0.583415
0.540616
0.232684
0.653199
0.0953607
0.844671
0.0103057
0.882679
0.718515
0.944546
0.381643
0.0151465
0.966715
0.18678
0.933733
0.31752
0.255739
0.416294
0.741533
0.392407
0.649628
0.611747
0.227832
0.521853
0.640755
0.750162
0.57279
0.332076
0.335743
0.883739
0.346284
0.841266
0.121162
0.193337
0.379267
0.00459612
0.767314
0.622499
0.477318
0.970205
0.352251
0.181243
0.64535
0.352232
0.793784
0.901786
0.699243
0.095907
0.569537
0.184284
0.252781
0.296828
0.627217
0.858708
0.520599
0.206934
0.563048
0.190729
0.794358
0.284401
0.755368
0.790068
0.548258
0.57994
0.970756
0.793888
0.474698
0.353847
0.774159
0.671763
0.459602
0.572277
0.0686925
0.841471
0.920792
0.016892
0.659588
0.55446
0.0627023
0.108222
0.621265
0.278109
0.119293
0.451743
0.541207
0.156324
0.012335
0.734793
0.391129
0.388247
0.752949
0.637545
0.576506
0.596775
0.251504
0.833675
0.600969
0.952859
0.437397
0.48491
0.352774
0.686914
0.456263
0.423966
0.191644
0.702962
0.486982
0.260583
0.690162
0.0667622
0.427059
0.109136
0.951987
0.603032
0.0840807
0.829539
0.670385
0.0438818
0.920325
0.760503
0.872697
0.827706
0.0124407
0.0403269
0.808265
0.545113
0.924861
0.793095
0.197351
0.788585
0.51661
0.143033
0.539572
0.946396
0.316768
0.237782
0.509839
0.114461
0.519034
0.735293
0.373749
0.301524
0.901313
0.288166
0.927128
0.235007
0.594575
0.374359
0.273653
0.221791
0.413868
0.0986511
0.14914
0.21498
0.00885349
0.718396
0.617903
0.718665
0.128052
0.52571
0.399762
0.730366
0.131463
0.0490378
0.222313
0.653059
0.773035
0.619245
0.455213
0.972612
0.389373
0.425635
0.599203
0.0939434
0.467925
0.694358
0.680146
0.942581
0.0615412
0.53069
0.186209
0.372028
0.0842532
0.270859
0.570065
0.850482
0.264666
0.487979
0.607973
0.615348
0.370375
0.586164
0.545131
0.0593539
0.172504
0.374336
0.263524
0.95983
0.52597
0.943841
0.0362426
0.595331
0.853091
0.329491
0.362342
0.494298
0.298743
0.710282
0.52074
0.0289806
0.636487
0.976036
0.00534392
0.671208
0.91698
0.720841
0.305567
0.882804
0.636116
0.610971
0.86821
0.861446
0.0239309
0.0777752
0.736585
0.00118942
0.902621
0.269708
0.613738
0.653958
0.630941
0.749062
0.672122
0.289835
0.983539
0.37141
0.765638
0.155894
0.281335
0.00895529
0.457814
0.596
0.12094
0.356302
0.986279
0.914444
0.358382
0.286177
0.228829
0.861929
0.722652
0.917656
0.102836
0.73533
0.844206
0.990905
0.30124
0.638126
0.0524737
0.4136
0.0731409
0.0640359
0.593042
0.592278
0.41346
0.931526
0.106867
0.412783
0.805153
0.944755
0.423299
0.929145
0.889617
0.111542
0.0890677
0.261768
0.218261
0.00785257
0.989626
0.111422
0.370674
0.180702
0.363534
0.589203
0.506653
0.28886
0.998995
0.415596
0.999526
0.950082
0.40575
0.202162
0.104958
0.359974
0.14881
0.0931061
0.290891
0.75942
0.100299
0.879567
0.129441
0.589269
0.138726
0.584057
0.379216
0.879016
0.759102
0.156187
0.608721
0.16079
0.0281153
0.70866
0.979157
0.0372852
0.350167
0.160052
0.339085
0.035336
0.083179
0.83512
0.900068
0.128902
0.292988
0.604503
0.562813
0.960443
0.271445
0.868176
0.906491
0.641544
0.681787
0.809114
0.537415
0.478844
0.600089
0.519689
0.401138
0.65767
0.228817
0.554601
0.0115468
0.45825
0.395886
0.563876
0.904712
0.678091
0.282515
0.147401
0.679623
0.298927
0.184163
0.402144
0.522083
0.5401
0.943057
0.369394
0.419553
0.783515
0.266291
0.52321
0.16583
0.98184
0.50862
0.625579
0.698841
0.973789
0.734337
0.199261
0.825638
0.370577
0.282972
0.112818
0.878719
0.0947067
0.731329
0.791155
0.899092
0.668399
0.262301
0.557662
0.248376
0.494598
0.948822
0.824785
0.50666
0.16241
0.617499
0.0890353
0.238476
0.187818
0.597368
0.424136
0.474551
0.944641
0.58653
0.518117
0.712257
0.0757904
0.326016
0.532488
0.0175806
0.733972
0.411986
0.952334
0.369127
0.566362
0.884519
0.503042
0.323169
0.824693
0.998986
0.787883
0.697577
0.334503
0.161656
0.439426
0.821947
0.475803
0.367901
0.568822
0.478487
0.212744
0.192111
0.900308
0.974797
0.464081
0.215148
0.064558
0.108995
0.262679
0.972838
0.221915
0.953773
0.209897
0.384518
0.477431
0.260398
0.237219
0.828795
0.502023
0.622055
0.881482
0.899758
0.756414
0.809272
0.539552
0.0936197
0.717749
0.147364
0.0791651
0.7932
0.823862
0.961601
0.23877
0.306825
0.95439
0.42388
0.785907
0.768984
0.248717
0.841822
0.74441
0.0833981
0.878781
0.257286
0.467201
0.263152
0.362569
0.146214
0.446087
0.776776
0.491967
0.743001
0.455564
0.953251
0.435316
0.645676
0.193297
0.826848
0.916456
0.584402
0.0867335
0.695861
0.54259
0.759964
0.330734
0.84947
0.112463
0.641849
0.632091
0.508349
0.340346
0.409869
0.227364
0.234989
0.296969
0.421862
0.504666
0.746038
0.218131
0.789039
0.84455
0.829667
0.955631
0.78383
0.778695
0.290346
0.0773956
0.272234
0.91465
0.38452
0.326181
0.187489
0.783807
0.651124
0.137092
0.36502
0.766171
0.133962
0.453955
0.442049
0.858049
0.800408
0.0162645
0.906162
0.201206
0.26587
0.0637852
0.501178
0.506949
0.307549
0.122522
0.281021
0.462184
0.860173
0.649416
0.726906
0.0337232
0.426091
0.832685
0.397533
0.096204
0.0200081
0.686681
0.804477
0.27005
0.918319
0.634017
0.207389
0.929385
0.152543
0.654863
0.688028
0.76223
0.830437
0.357199
0.0894782
0.446196
0.606517
0.147035
0.0863041
0.933353
0.682542
0.35335
0.824646
0.307608
0.317656
0.475062
0.029822
0.517293
0.915587
0.244985
0.0420098
0.288122
0.840801
0.286199
0.594718
0.961527
0.39091
0.615466
0.0778409
0.446449
0.145612
0.326022
0.780815
0.55124
0.595818
0.63514
0.605751
0.468379
0.582078
0.728765
0.918075
0.323961
0.417033
0.677008
0.691673
0.402971
0.913762
0.86896
0.725848
0.487071
0.522171
0.882072
0.256114
0.419653
0.915272
0.609819
0.502761
0.0527258
0.387192
0.821035
0.335235
0.847345
0.857313
0.15025
0.261088
0.745116
0.552047
0.0843116
0.851671
0.839096
0.688161
0.600191
0.156505
0.233648
0.899819
0.832225
0.0435696
0.151
0.336423
0.470408
0.347547
0.0358079
0.350408
0.949771
0.926184
0.284896
0.401552
0.423344
0.416227
0.827796
0.506003
0.205326
0.40629
0.426092
0.201163
0.999698
0.302307
0.416851
0.0314042
0.973828
0.971388
0.867356
0.477932
0.373621
0.0956211
0.92563
0.721907
0.498927
0.0310077
0.0319601
0.14495
0.453712
0.345386
0.355614
0.413843
0.541415
0.0382075
0.919834
0.0913653
0.282236
0.842938
0.36346
0.942353
0.81091
0.667344
0.249092
0.108986
0.379103
0.273594
0.421513
0.0135644
0.0687301
0.760305
0.541062
0.949152
0.128743
0.227311
0.572401
0.212219
0.434755
0.681914
0.106769
0.678571
0.335986
0.753715
0.754063
0.137875
0.135515
0.797518
0.684016
0.859214
0.0644586
0.505703
0.635857
0.349245
0.585394
0.314576
0.801101
0.608303
0.546002
0.814324
0.0551411
0.0221532
0.435767
0.213853
0.771618
0.177175
0.156089
0.37535
0.332596
0.0898465
0.417341
0.402994
0.679245
0.102297
0.624131
0.700114
0.684679
0.0137557
0.821401
0.99925
0.525764
0.337398
0.756923
0.785336
0.380581
0.917733
0.421076
0.421895
0.188068
0.748666
0.363528
0.637915
0.373933
0.633559
0.254571
0.337674
0.0258987
0.278345
0.254907
0.0609902
0.604723
0.638216
0.782183
0.10714
0.329284
0.926918
0.102113
0.283294
0.772103
0.161649
0.442993
0.591656
0.675361
0.996045
0.597863
0.249375
0.0110362
0.88809
0.0534945
0.0828675
0.725761
0.632819
0.879461
0.301245
0.455744
0.9409
0.209504
0.578572
0.288551
0.173737
0.670639
0.135406
0.191505
0.0437195
0.918803
0.06574
0.018129
0.749343
0.0890119
0.574617
0.43395
0.88228
0.215907
0.701705
0.435447
0.108419
0.940442
0.647505
0.861346
0.415174
0.636097
0.789401
0.755759
0.645839
0.846462
0.704315
0.873325
0.321853
0.0226573
0.728445
0.535227
0.796602
0.454267
0.438714
0.983545
0.414805
0.235943
0.150287
0.189783
0.58439
0.00425609
0.367152
0.839647
0.862241
0.528059
0.134039
0.013885
0.964701
0.824102
0.231963
0.0590085
0.398277
0.668632
0.2064
0.779012
0.707339
0.947131
0.570016
0.463786
0.859991
0.205327
0.325694
0.213867
0.0512987
0.990099
0.625073
0.692655
0.217153
0.913478
0.11143
0.111746
0.0513134
0.192089
0.494393
0.625221
0.150762
0.978951
0.378626
0.334964
0.710114
0.846812
0.058624
0.481398
0.793576
0.776983
0.00136599
0.123862
0.725827
0.661052
0.539832
0.929962
0.126649
0.0459021
0.0785691
0.540653
0.44439
0.122306
0.8337
0.116975
0.24549
0.489209
0.492067
0.786194
0.654812
0.900005
0.267804
0.606471
0.118732
0.919506
0.798783
0.27963
0.728243
0.966873
0.954273
0.940461
0.917556
0.806674
0.976656
0.558072
0.922192
0.464031
0.6151
0.584456
0.182448
0.13093
0.0922269
0.929605
0.274927
0.750838
0.171735
0.708995
0.466853
0.798298
0.578683
0.6118
0.207293
0.925594
0.0250915
0.583088
