0.329596
0.00227176
0.00291966
0.00314413
0.00538367
0.00676095
0.00835759
0.0105081
0.0123143
0.012792
0.0133254
0.0134386
0.0154413
0.0164668
0.0173381
0.0185762
0.0187825
0.0201357
0.0203945
0.0247556
0.0249199
0.0294011
0.0300526
0.0323318
0.0327973
0.0346727
0.0364786
0.0368002
0.0397249
0.042687
0.044287
0.0464094
0.0503886
0.053005
0.0532239
0.05491
0.0552697
0.0552933
0.0559213
0.0572121
0.0586253
0.0590159
0.0598917
0.060222
0.0602604
0.0613401
0.0615061
0.0617937
0.0632722
0.063634
0.064286
0.0661519
0.0697163
0.071023
0.0713385
0.0719816
0.0722401
0.0729951
0.0739053
0.0744037
0.0749068
0.0750203
0.0756428
0.0764389
0.0786597
0.0787213
0.0805102
0.0816392
0.0842768
0.0844499
0.0858727
0.0867139
0.0894196
0.0894439
0.0925815
0.0965574
0.096786
0.100432
0.102637
0.103007
0.103625
0.104514
0.105774
0.105903
0.106404
0.106641
0.106778
0.108237
0.108717
0.109169
0.109479
0.109805
0.11032
0.111575
0.111787
0.112455
0.113994
0.115559
0.116087
0.116429
0.117462
0.120015
0.123979
0.125093
0.125729
0.127361
0.127527
0.127557
0.127895
0.128906
0.129711
0.131087
0.131479
0.133148
0.134431
0.134625
0.134644
0.135219
0.135261
0.135521
0.137444
0.138103
0.138527
0.138548
0.138925
0.139097
0.13946
0.142854
0.142957
0.143103
0.143692
0.144623
0.145014
0.145693
0.14721
0.147261
0.149497
0.149665
0.150062
0.150545
0.150667
0.153056
0.154245
0.155869
0.156679
0.157964
0.15843
0.15951
0.161832
0.162533
0.162985
0.163947
0.164727
0.166973
0.167877
0.168515
0.169741
0.169945
0.170262
0.17038
0.171119
0.172938
0.174912
0.176577
0.177851
0.178358
0.178677
0.179765
0.180021
0.181074
0.182123
0.182947
0.184295
0.184862
0.184875
0.185073
0.1856
0.187692
0.188115
0.189313
0.190733
0.191364
0.191865
0.191935
0.192292
0.195558
0.195589
0.196733
0.197468
0.198307
0.198659
0.199233
0.20058
0.20081
0.201537
0.201647
0.201703
0.202421
0.202937
0.205054
0.206481
0.207054
0.208024
0.209162
0.209219
0.213019
0.215507
0.216903
0.217211
0.217952
0.21829
0.219651
0.219762
0.220754
0.22354
0.223628
0.224353
0.225312
0.227235
0.230323
0.230772
0.231713
0.233873
0.234207
0.234433
0.234692
0.235726
0.237344
0.237914
0.238352
0.238939
0.24091
0.241813
0.24248
0.24427
0.244554
0.246128
0.246328
0.247321
0.247359
0.250321
0.250951
0.254219
0.255814
0.256583
0.258048
0.258486
0.258511
0.260175
0.261854
0.262338
0.262785
0.26399
0.264358
0.26497
0.266062
0.26624
0.266464
0.268653
0.271225
0.271853
0.271982
0.272081
0.27209
0.272681
0.273001
0.273049
0.273254
0.274032
0.274478
0.275262
0.275689
0.275727
0.275727
0.277309
0.282476
0.282599
0.283766
0.284455
0.284812
0.284818
0.284831
0.285706
0.285895
0.286229
0.286494
0.287183
0.290347
0.2905
0.292725
0.293777
0.293781
0.295497
0.295528
0.295997
0.296665
0.297176
0.297576
0.29828
0.29896
0.299091
0.301625
0.304129
0.305208
0.306451
0.307727
0.30773
0.307898
0.30956
0.31031
0.311085
0.314087
0.315346
0.315913
0.31631
0.316688
0.316729
0.319879
0.321159
0.322017
0.322421
0.32449
0.324706
0.326781
0.327816
0.329632
0.330151
0.330458
0.330637
0.330842
0.331064
0.331469
0.331519
0.3321
0.333164
0.334854
0.337862
0.33825
0.340139
0.340925
0.341685
0.34192
0.342754
0.344808
0.34497
0.347175
0.347485
0.347576
0.34773
0.348755
0.349769
0.350643
0.350835
0.352367
0.355238
0.357079
0.357545
0.35777
0.357991
0.360138
0.360822
0.361666
0.362355
0.362929
0.364078
0.365823
0.366608
0.367711
0.368624
0.370136
0.372832
0.373296
0.373331
0.374045
0.375283
0.375297
0.377089
0.378036
0.38015
0.380332
0.380387
0.380559
0.381948
0.382411
0.383776
0.384627
0.385886
0.387913
0.388894
0.391024
0.392443
0.394698
0.395715
0.396206
0.397427
0.399229
0.399983
0.40303
0.403571
0.404237
0.405263
0.410158
0.410906
0.410983
0.412528
0.412547
0.414043
0.414245
0.414344
0.414525
0.414972
0.416651
0.41821
0.421134
0.422706
0.422768
0.425411
0.426095
0.426408
0.427641
0.43097
0.431546
0.434893
0.435691
0.437775
0.438196
0.439482
0.439716
0.440627
0.443531
0.44475
0.445397
0.451987
0.452576
0.452944
0.453594
0.453714
0.454408
0.456454
0.456492
0.456684
0.457309
0.457662
0.458223
0.458937
0.459858
0.46008
0.461563
0.462262
0.463934
0.464256
0.464427
0.465507
0.466852
0.468523
0.468536
0.472507
0.472515
0.472636
0.472685
0.473149
0.47429
0.474364
0.474428
0.475124
0.475759
0.47769
0.477808
0.478402
0.479673
0.479717
0.480947
0.48207
0.482337
0.482841
0.484126
0.484526
0.484931
0.485758
0.4862
0.48808
0.488202
0.488917
0.489912
0.490154
0.490526
0.492359
0.492367
0.49415
0.494893
0.498078
0.501035
0.502118
0.502214
0.50402
0.504556
0.50563
0.507027
0.508349
0.509412
0.510133
0.511587
0.512331
0.512891
0.513317
0.514487
0.514873
0.515925
0.519464
0.519816
0.521496
0.522934
0.523372
0.524237
0.526399
0.526924
0.527251
0.527947
0.52819
0.528847
0.529072
0.529719
0.533552
0.533753
0.539043
0.539656
0.540467
0.540555
0.540772
0.540914
0.540945
0.541666
0.542063
0.542469
0.543165
0.544337
0.544624
0.545064
0.546629
0.54708
0.54864
0.548912
0.550173
0.550499
0.552076
0.55307
0.55328
0.553353
0.557298
0.557568
0.558413
0.55868
0.558886
0.560118
0.562273
0.563741
0.563789
0.565852
0.566389
0.566887
0.571079
0.571549
0.571856
0.572172
0.57254
0.572934
0.573207
0.574783
0.575356
0.576774
0.577293
0.578641
0.579593
0.580939
0.581278
0.5815
0.582018
0.586588
0.586745
0.587394
0.590378
0.59144
0.591544
0.592614
0.594007
0.595638
0.595901
0.59591
0.596429
0.597881
0.598057
0.598659
0.598774
0.60022
0.601573
0.601843
0.602109
0.605211
0.606863
0.607761
0.608704
0.609394
0.609641
0.611933
0.61264
0.614003
0.615007
0.616391
0.616917
0.617161
0.618663
0.619812
0.620006
0.62055
0.623656
0.624031
0.62462
0.625161
0.625663
0.626521
0.626822
0.627286
0.627392
0.627857
0.627968
0.629795
0.632572
0.634884
0.635463
0.635581
0.636054
0.636357
0.637868
0.641169
0.6421
0.642252
0.642857
0.644917
0.646373
0.646555
0.646639
0.646727
0.648951
0.649593
0.652046
0.652313
0.654167
0.656019
0.658718
0.658849
0.659688
0.664667
0.665129
0.666221
0.666631
0.667164
0.668692
0.668762
0.668824
0.669509
0.669918
0.67002
0.672344
0.675278
0.67642
0.677267
0.677333
0.677484
0.677936
0.678527
0.68005
0.680094
0.681858
0.682114
0.682587
0.683335
0.684399
0.684591
0.685435
0.685792
0.688372
0.689869
0.690479
0.691776
0.693682
0.694224
0.695141
0.697568
0.699833
0.700059
0.700688
0.701344
0.702594
0.702751
0.703144
0.705439
0.706335
0.707583
0.711098
0.712765
0.712955
0.713056
0.715371
0.718596
0.720799
0.721463
0.721776
0.72286
0.727993
0.728254
0.72983
0.729866
0.730225
0.730463
0.730608
0.731571
0.731894
0.733914
0.734624
0.735164
0.735419
0.736326
0.736508
0.736801
0.736993
0.737801
0.738498
0.73959
0.740028
0.741998
0.742459
0.743054
0.74382
0.744924
0.745377
0.746215
0.746477
0.749978
0.75055
0.7508
0.752162
0.753272
0.753426
0.753992
0.75506
0.755577
0.756217
0.759153
0.759197
0.759442
0.761933
0.763597
0.765114
0.766845
0.767203
0.767868
0.768416
0.768515
0.769025
0.769442
0.769979
0.770338
0.770619
0.7715
0.773283
0.775591
0.776256
0.776928
0.777088
0.777934
0.778137
0.778496
0.778658
0.778905
0.779821
0.780849
0.7839
0.784451
0.784822
0.785288
0.785293
0.785496
0.787596
0.788119
0.78916
0.790205
0.790497
0.791657
0.794441
0.794466
0.794578
0.795034
0.795298
0.795649
0.795856
0.796578
0.797147
0.798816
0.799621
0.802071
0.804179
0.810442
0.812569
0.812582
0.812626
0.813406
0.813774
0.815818
0.816511
0.816742
0.816776
0.816824
0.816848
0.818024
0.818232
0.820682
0.82338
0.823828
0.824363
0.825213
0.827067
0.828817
0.830878
0.832613
0.833214
0.83322
0.834311
0.834312
0.836451
0.836517
0.837048
0.837989
0.838449
0.842967
0.843415
0.843816
0.844158
0.84528
0.845691
0.846525
0.847005
0.847714
0.849775
0.8524
0.854033
0.854823
0.855145
0.855609
0.856265
0.858891
0.8592
0.860054
0.861209
0.864133
0.864545
0.864827
0.865335
0.865514
0.865642
0.866525
0.868257
0.870913
0.872474
0.87273
0.873359
0.873969
0.875633
0.876093
0.87755
0.878197
0.878954
0.880246
0.880391
0.880485
0.88239
0.882495
0.886003
0.886305
0.886498
0.888379
0.888974
0.890324
0.890725
0.892172
0.89223
0.893033
0.893776
0.893797
0.89473
0.89595
0.896363
0.896954
0.897969
0.899711
0.899876
0.90134
0.906341
0.906787
0.908659
0.910667
0.910973
0.911157
0.911346
0.911675
0.91242
0.913418
0.913939
0.914411
0.914842
0.916866
0.917618
0.91904
0.920124
0.920819
0.921723
0.922553
0.923609
0.927088
0.927108
0.927355
0.93033
0.930857
0.931634
0.932109
0.932579
0.932658
0.933561
0.934595
0.935327
0.935353
0.935934
0.938495
0.938802
0.938825
0.939557
0.940691
0.941046
0.941354
0.941564
0.942202
0.944967
0.945868
0.946619
0.947234
0.947437
0.947481
0.947969
0.948139
0.94858
0.949836
0.951344
0.951421
0.951445
0.952121
0.952346
0.952672
0.95287
0.954487
0.954502
0.956297
0.95656
0.957049
0.958861
0.960352
0.960767
0.961526
0.964278
0.964844
0.966559
0.968868
0.971792
0.97622
0.976912
0.977727
0.978383
0.979617
0.980149
0.980615
0.981281
0.983009
0.983303
0.983718
0.984821
0.985745
0.985796
0.989225
0.989872
0.990572
0.99062
0.990645
0.9913
0.991687
0.991958
0.992926
0.993696
0.995818
0.996054
0.996369
0.997637
0.999584
