1
3
5
9
11
16
21
22
24
25
30
31
33
34
40
52
62
62
64
65
68
68
71
71
83
86
86
86
88
89
92
94
94
101
101
102
102
102
103
104
104
105
110
113
114
115
115
123
125
130
130
134
138
140
140
142
143
150
159
160
165
174
175
183
186
187
189
191
196
197
200
200
204
207
212
216
217
217
220
223
226
243
245
245
246
250
252
255
265
267
267
270
273
276
277
277
278
282
282
283
287
287
288
288
289
290
291
292
297
303
315
318
326
327
342
343
345
350
354
356
361
362
364
371
382
383
386
386
391
396
397
397
398
399
399
399
404
406
414
415
417
421
430
431
432
434
439
440
450
450
451
453
455
456
459
461
461
462
466
468
468
469
470
471
472
473
476
476
479
479
482
486
486
487
489
492
499
499
505
509
509
512
515
519
521
524
529
529
529
535
535
539
541
542
545
546
549
549
551
552
556
560
562
567
567
569
570
570
573
579
580
585
586
594
597
601
604
606
607
613
613
613
623
631
631
638
645
647
650
651
651
656
657
658
672
674
682
682
690
699
701
701
708
712
714
714
716
717
719
728
728
734
739
740
742
743
751
751
755
757
762
763
769
770
775
784
788
788
788
799
801
802
804
807
814
814
828
831
832
835
841
841
846
846
848
848
863
863
869
870
871
873
873
875
875
882
883
883
886
887
889
889
890
891
896
900
901
902
904
909
910
910
911
914
924
927
928
931
933
936
937
937
937
938
941
942
944
949
950
956
958
968
969
969
970
978
978
982
984
990
991
991
997
999
1000
1000
1001
1001
1003
1003
1005
1007
1014
1022
1023
1025
1026
1026
1030
1032
1032
1039
1039
1039
1039
1043
1046
1046
1048
1057
1060
1061
1061
1079
1084
1086
1087
1088
1088
1093
1095
1098
1098
1100
1101
1103
1104
1104
1110
1110
1113
1117
1123
1124
1128
1132
1134
1135
1138
1145
1147
1151
1153
1158
1167
1169
1177
1186
1197
1206
1210
1215
1218
1219
1227
1228
1229
1230
1231
1233
1233
1235
1237
1245
1260
1261
1265
1268
1268
1269
1271
1271
1275
1276
1276
1282
1285
1292
1292
1301
1301
1309
1318
1320
1325
1325
1325
1337
1340
1341
1341
1345
1348
1354
1355
1356
1362
1371
1375
1379
1380
1381
1384
1395
1397
1398
1399
1399
1401
1405
1406
1407
1415
1418
1423
1425
1426
1431
1434
1439
1449
1451
1454
1460
1463
1465
1465
1467
1468
1475
1481
1482
1485
1486
1488
1489
1491
1493
1493
1494
1497
1499
1502
1506
1506
1515
1516
1517
1520
1526
1531
1533
1536
1543
1546
1548
1555
1556
1558
1559
1559
1563
1564
1569
1570
1571
1580
1584
1586
1587
1594
1600
1601
1603
1609
1610
1612
1615
1620
1620
1623
1623
1623
1626
1633
1634
1634
1644
1649
1653
1655
1658
1663
1663
1666
1676
1676
1679
1687
1701
1702
1706
1708
1709
1712
1726
1729
1733
1738
1741
1746
1746
1747
1748
1748
1753
1757
1758
1758
1762
1762
1762
1764
1777
1786
1792
1794
1795
1797
1798
1803
1808
1809
1811
1814
1817
1823
1828
1829
1830
1833
1836
1836
1839
1845
1847
1849
1852
1860
1868
1876
1882
1882
1884
1884
1885
1885
1887
1890
1892
1894
1896
1897
1897
1897
1897
1899
1907
1910
1910
1917
1922
1923
1926
1927
1931
1939
1939
1943
1946
1947
1949
1950
1951
1965
1967
1967
1975
1984
1989
1989
1991
1998
2007
2012
2014
2017
2030
2032
2035
2036
2038
2045
2046
2053
2053
2061
2064
2064
2065
2068
2068
2071
2072
2076
2076
2077
2095
2096
2100
2113
2117
2129
2131
2134
2136
2137
2140
2140
2142
2142
2142
2149
2153
2154
2157
2163
2163
2167
2171
2176
2179
2195
2203
2205
2206
2207
2207
2212
2215
2215
2220
2222
2224
2226
2227
2228
2230
2232
2241
2243
2248
2262
2266
2270
2277
2289
2289
2296
2300
2306
2310
2313
2315
2316
2319
2319
2323
2327
2330
2332
2336
2338
2341
2341
2343
2344
2344
2347
2359
2359
2359
2361
2363
2363
2366
2367
2372
2374
2375
2383
2384
2389
2396
2396
2413
2413
2420
2428
2432
2432
2438
2440
2447
2451
2452
2455
2457
2461
2462
2464
2471
2479
2480
2486
2486
2487
2489
2492
2493
2493
2494
2499
2501
2506
2510
2517
2520
2525
2526
2527
2527
2528
2528
2531
2533
2534
2537
2541
2543
2543
2547
2551
2553
2557
2560
2565
2572
2573
2573
2581
2584
2586
2593
2593
2597
2599
2603
2603
2604
2613
2619
2620
2631
2638
2643
2661
2661
2663
2666
2668
2675
2677
2682
2684
2687
2688
2688
2689
2695
2696
2701
2703
2704
2706
2706
2709
2710
2713
2714
2717
2721
2722
2722
2723
2726
2728
2728
2732
2733
2733
2734
2736
2752
2755
2755
2755
2757
2762
2766
2766
2771
2772
2776
2787
2790
2790
2793
2796
2799
2805
2806
2806
2810
2819
2823
2829
2830
2836
2836
2836
2842
2844
2845
2848
2859
2860
2863
2864
2878
2882
2884
2888
2893
2902
2915
2918
2923
2928
2930
2936
2937
2939
2943
2946
2953
2954
2956
2960
2962
2971
2973
2973
2976
2977
2979
2979
2980
2982
2988
2989
2990
2993
2994
2994
3007
3011
3012
3016
3016
3022
3026
3027
3029
3033
3036
3042
3043
3056
3057
3059
3063
3068
3072
3072
3073
3074
3075
3076
3077
3095
3106
3107
3107
3109
3109
3113
3122
3124
3124
3137
3145
3148
3149
3149
3150
3151
3161
3174
3177
3181
3183
3193
3193
3194
3199
3206
3206
3214
3217
3225
3231
3235
3235
3237
3237
3239
3248
3249
3251
3255
3258
3261
3263
3271
3273
3282
3286
3287
3288
3297
3298
3303
3304
3306
3308
3309
3311
3313
3314
3315
3317
3320
3322
3325
3327
3339
3350
3352
3353
3354
3357
3362
3365
3371
3371
3380
3381
3381
3382
3388
3391
3392
3395
3397
3397
3401
3406
3408
3413
3413
3424
3427
3428
3428
3433
3434
3436
3437
3441
3442
3445
3446
3447
3447
3449
3462
3465
3468
3473
3476
3476
3487
3488
3489
3490
3490
3490
3499
3505
3513
3514
3515
3516
3521
3527
3527
3528
3530
3531
3536
3540
3541
3545
3552
3553
3555
3557
3559
3559
3563
3564
3565
3570
3572
3583
3595
3599
3600
3603
3605
3607
3609
3614
3614
3616
3618
3624
3629
3630
3631
3632
3634
3634
3637
3645
3657
3660
3663
3664
3674
3682
3683
3685
3688
3688
3691
3694
3697
3708
3712
3725
3727
3728
3731
3732
3740
3740
3740
3742
3744
3746
3755
3760
3761
3763
3767
3769
3770
3773
3778
3779
3786
3788
3792
3794
3797
3798
3812
3816
3818
3818
3819
3820
3822
3830
3834
3844
3850
3850
3851
3851
3853
3854
3857
3869
3879
3882
3882
3885
3889
3889
3892
3894
3895
3900
3911
3913
3916
3916
3917
3922
3924
3938
3940
3941
3946
3951
3952
3953
3955
3957
3961
3961
3962
3971
3971
3973
3974
3975
3975
3981
3983
3983
3985
3988
3988
3988
3992
3993
3994
3998
3999
4000
4002
4004
4006
4009
4019
4032
4043
4043
4045
4049
4051
4057
4059
4060
4061
4068
4070
4078
4086
4087
4094
4100
4106
4108
4111
4115
4116
4116
4117
4127
4133
4138
4138
4138
4145
4148
4148
4150
4158
4159
4160
4166
4176
4181
4183
4188
4193
4193
4193
4197
4198
4203
4204
4207
4214
4215
4216
4220
4231
4234
4235
4244
4256
4256
4257
4258
4260
4267
4270
4271
4277
4285
4286
4288
4289
4289
4296
4306
4307
4311
4311
4312
4312
4313
4314
4316
4316
4317
4320
4321
4324
4328
4330
4331
4334
4336
4336
4339
4340
4351
4352
4358
4370
4371
4371
4372
4374
4375
4375
4379
4387
4389
4396
4400
4407
4409
4409
4410
4415
4416
4417
4419
4422
4425
4429
4429
4431
4432
4435
4441
4443
4445
4452
4452
4455
4463
4464
4466
4470
4472
4472
4479
4490
4494
4498
4499
4499
4500
4508
4508
4509
4511
4512
4515
4519
4520
4522
4522
4530
4531
4536
4536
4537
4538
4539
4539
4552
4555
4556
4559
4562
4562
4562
4567
4569
4576
4576
4583
4585
4587
4588
4591
4597
4600
4609
4610
4617
4618
4620
4622
4628
4633
4639
4644
4645
4650
4651
4653
4661
4663
4667
4672
4674
4674
4682
4682
4684
4685
4686
4691
4697
4697
4707
4708
4711
4712
4714
4721
4722
4728
4733
4737
4738
4740
4747
4753
4754
4762
4764
4767
4768
4771
4772
4772
4774
4774
4780
4781
4786
4786
4788
4796
4797
4797
4797
4801
4812
4812
4825
4832
4833
4834
4834
4838
4844
4850
4850
4851
4855
4858
4864
4868
4871
4872
4873
4874
4876
4884
4887
4889
4899
4899
4906
4910
4910
4911
4912
4914
4915
4923
4927
4928
4932
4932
4933
4939
4940
4943
4943
4949
4951
4954
4955
4957
4957
4958
4959
4962
4967
4969
4972
4974
4977
4982
4996
4998
4999
4999
4999
5002
5006
5006
5012
5013
5016
5019
5024
5024
5032
5032
5038
5045
5050
5053
5058
5060
5063
5065
5083
5086
5088
5091
5099
5101
5108
5111
5115
5121
5125
5128
5132
5134
5141
5150
5151
5152
5157
5160
5160
5162
5164
5168
5169
5172
5172
5173
5174
5177
5180
5183
5188
5190
5194
5197
5204
5205
5210
5211
5222
5223
5225
5226
5234
5235
5237
5238
5244
5249
5253
5254
5255
5258
5260
5262
5263
5266
5271
5272
5273
5275
5275
5281
5284
5295
5296
5301
5305
5305
5314
5316
5318
5320
5320
5323
5325
5335
5339
5340
5341
5343
5345
5351
5352
5354
5357
5358
5359
5359
5362
5362
5364
5366
5367
5371
5375
5386
5389
5399
5409
5411
5413
5413
5414
5418
5420
5421
5421
5423
5428
5429
5430
5431
5433
5448
5448
5449
5450
5451
5455
5465
5469
5469
5473
5478
5484
5492
5492
5494
5497
5500
5502
5504
5505
5507
5515
5522
5526
5526
5529
5531
5533
5536
5537
5537
5537
5540
5542
5545
5551
5552
5555
5561
5562
5564
5565
5566
5567
5568
5570
5574
5577
5579
5580
5581
5585
5588
5590
5592
5602
5603
5606
5606
5607
5613
5613
5616
5619
5625
5630
5633
5634
5637
5640
5641
5641
5645
5653
5655
5656
5658
5659
5666
5667
5668
5668
5676
5677
5677
5687
5692
5693
5697
5703
5704
5705
5710
5713
5715
5715
5719
5720
5720
5729
5733
5738
5739
5745
5749
5752
5754
5763
5767
5768
5771
5773
5775
5780
5788
5788
5788
5789
5793
5793
5793
5802
5808
5809
5818
5821
5822
5825
5835
5840
5847
5853
5858
5858
5862
5864
5865
5866
5870
5872
5874
5877
5879
5880
5882
5884
5886
5888
5889
5900
5903
5906
5914
5916
5921
5922
5923
5925
5930
5940
5942
5950
5950
5951
5954
5956
5960
5970
5978
5979
5980
5981
5989
5995
5997
5999
6004
6008
6011
6024
6028
6030
6036
6042
6042
6046
6047
6048
6050
6052
6052
6054
6059
6066
6070
6076
6083
6085
6086
6089
6093
6097
6097
6099
6103
6103
6106
6111
6114
6114
6114
6121
6127
6128
6136
6137
6141
6144
6154
6157
6158
6161
6161
6165
6165
6168
6168
6180
6182
6190
6191
6195
6198
6199
6202
6205
6205
6206
6215
6223
6224
6225
6225
6226
6227
6229
6234
6246
6249
6250
6258
6261
6264
6274
6276
6281
6281
6283
6293
6298
6301
6302
6307
6309
6310
6312
6313
6319
6324
6324
6325
6327
6327
6332
6338
6338
6340
6342
6346
6348
6353
6359
6365
6367
6368
6368
6374
6375
6387
6387
6392
6399
6402
6416
6417
6424
6425
6431
6431
6433
6434
6436
6440
6441
6444
6447
6449
6450
6451
6462
6463
6471
6473
6474
6475
6476
6477
6478
6482
6484
6485
6485
6487
6503
6506
6507
6507
6508
6512
6514
6517
6519
6525
6533
6536
6538
6549
6550
6555
6556
6556
6557
6558
6558
6559
6561
6561
6563
6566
6567
6571
6572
6574
6578
6582
6585
6588
6590
6596
6596
6601
6602
6609
6611
6616
6622
6624
6625
6636
6643
6643
6646
6647
6648
6659
6669
6670
6677
6679
6681
6681
6682
6689
6692
6696
6698
6699
6699
6704
6712
6718
6718
6720
6727
6727
6737
6741
6747
6747
6763
6770
6771
6775
6776
6778
6782
6789
6789
6794
6795
6803
6806
6808
6816
6817
6818
6818
6823
6826
6829
6829
6834
6838
6845
6848
6851
6851
6856
6857
6858
6860
6862
6865
6866
6869
6871
6871
6875
6878
6878
6883
6884
6885
6888
6889
6894
6895
6895
6914
6916
6918
6942
6943
6950
6950
6953
6955
6969
6971
6983
6984
6990
6993
6995
6998
7003
7004
7005
7011
7017
7018
7021
7027
7028
7029
7030
7032
7032
7035
7042
7042
7046
7049
7052
7054
7059
7060
7060
7071
7077
7078
7084
7089
7092
7095
7098
7101
7102
7104
7105
7106
7110
7115
7118
7121
7122
7129
7140
7146
7150
7154
7158
7160
7161
7163
7164
7166
7168
7169
7173
7178
7180
7181
7183
7194
7198
7198
7202
7208
7215
7215
7220
7220
7220
7221
7226
7232
7237
7239
7241
7246
7250
7250
7254
7255
7258
7259
7264
7264
7269
7273
7273
7276
7278
7278
7280
7282
7283
7286
7294
7297
7302
7303
7307
7313
7314
7316
7319
7321
7323
7337
7342
7345
7348
7351
7353
7356
7357
7357
7358
7362
7367
7370
7370
7371
7374
7375
7376
7384
7386
7386
7390
7390
7391
7391
7393
7399
7400
7400
7403
7407
7408
7410
7415
7417
7417
7419
7430
7436
7438
7442
7451
7454
7458
7461
7467
7468
7468
7479
7479
7480
7480
7482
7485
7489
7491
7495
7501
7513
7524
7524
7526
7527
7532
7537
7537
7538
7542
7544
7552
7555
7556
7560
7561
7565
7566
7569
7570
7571
7576
7580
7582
7590
7596
7597
7599
7600
7605
7608
7608
7610
7613
7615
7616
7622
7628
7630
7631
7641
7642
7643
7649
7652
7654
7659
7669
7679
7680
7680
7682
7684
7684
7686
7687
7688
7696
7697
7699
7699
7700
7700
7702
7707
7711
7711
7712
7713
7714
7715
7719
7719
7721
7727
7728
7735
7746
7749
7750
7769
7770
7773
7778
7779
7783
7783
7783
7785
7794
7795
7796
7798
7799
7802
7805
7807
7809
7811
7812
7815
7816
7818
7819
7826
7827
7830
7831
7834
7839
7841
7844
7845
7847
7851
7852
7853
7854
7860
7860
7870
7870
7875
7876
7877
7878
7889
7892
7893
7897
7898
7900
7905
7908
7912
7914
7922
7922
7925
7929
7933
7935
7944
7945
7948
7955
7955
7956
7957
7959
7960
7960
7962
7973
7979
7980
7981
7985
7989
7992
7992
7996
7998
8000
8005
8006
8006
8007
8007
8009
8009
8013
8016
8025
8026
8031
8031
8036
8038
8039
8045
8047
8047
8048
8055
8057
8068
8071
8074
8078
8082
8085
8090
8090
8092
8108
8111
8123
8129
8131
8134
8145
8146
8150
8152
8163
8163
8163
8165
8166
8168
8172
8173
8174
8175
8177
8192
8192
8192
8193
8195
8209
8221
8223
8224
8239
8247
8247
8252
8259
8265
8266
8267
8269
8270
8271
8273
8279
8279
8283
8287
8289
8294
8304
8307
8307
8308
8309
8311
8311
8318
8319
8320
8325
8331
8333
8334
8342
8344
8349
8350
8350
8357
8357
8360
8361
8361
8364
8380
8383
8385
8394
8395
8399
8406
8409
8415
8421
8425
8425
8428
8432
8433
8434
8440
8444
8447
8449
8451
8451
8462
8467
8469
8469
8474
8480
8483
8484
8487
8489
8493
8498
8499
8501
8502
8503
8504
8504
8506
8510
8513
8520
8524
8531
8533
8535
8539
8543
8561
8561
8562
8564
8566
8574
8577
8581
8584
8585
8589
8591
8594
8596
8600
8606
8607
8616
8622
8628
8639
8643
8650
8652
8654
8654
8657
8658
8663
8671
8671
8674
8674
8681
8682
8684
8688
8690
8691
8693
8701
8703
8704
8705
8707
8720
8725
8734
8736
8737
8737
8739
8740
8741
8746
8757
8761
8762
8768
8768
8770
8780
8784
8786
8789
8790
8791
8794
8805
8805
8806
8807
8814
8815
8815
8816
8822
8822
8828
8830
8830
8833
8834
8835
8841
8842
8843
8852
8856
8859
8859
8861
8870
8873
8883
8884
8894
8901
8904
8907
8916
8922
8924
8928
8928
8935
8937
8945
8958
8970
8972
8972
8973
8976
8979
8979
8981
8982
8985
8990
8991
8991
8999
9000
9004
9005
9010
9016
9021
9027
9028
9029
9030
9040
9043
9048
9055
9058
9060
9067
9070
9072
9072
9072
9073
9073
9080
9083
9085
9087
9089
9100
9110
9118
9120
9121
9122
9129
9130
9135
9137
9142
9142
9149
9156
9156
9162
9162
9164
9164
9165
9174
9175
9175
9177
9186
9193
9195
9197
9205
9214
9226
9226
9227
9227
9239
9240
9246
9246
9247
9248
9248
9253
9264
9277
9279
9279
9281
9286
9286
9289
9297
9299
9302
9315
9317
9317
9322
9322
9329
9333
9336
9341
9343
9343
9347
9350
9352
9353
9357
9362
9364
9365
9367
9369
9383
9390
9393
9393
9393
9397
9402
9408
9412
9416
9417
9417
9419
9419
9420
9422
9431
9437
9437
9438
9439
9443
9445
9452
9455
9455
9459
9459
9468
9469
9470
9471
9476
9493
9493
9494
9498
9500
9504
9506
9506
9506
9507
9512
9512
9512
9514
9516
9518
9521
9521
9522
9538
9540
9540
9543
9547
9547
9552
9556
9556
9558
9564
9569
9573
9575
9585
9589
9591
9593
9594
9594
9596
9599
9601
9603
9605
9617
9617
9617
9623
9629
9636
9636
9642
9643
9649
9650
9653
9659
9660
9662
9672
9673
9674
9676
9679
9681
9689
9689
9690
9694
9698
9704
9710
9710
9714
9729
9742
9743
9744
9745
9746
9746
9748
9750
9751
9754
9762
9770
9772
9780
9780
9788
9790
9791
9795
9797
9808
9811
9816
9816
9819
9820
9821
9826
9828
9829
9829
9832
9836
9839
9840
9843
9844
9844
9845
9848
9854
9855
9856
9864
9871
9876
9881
9881
9882
9883
9891
9891
9894
9894
9894
9905
9910
9911
9912
9914
9914
9917
9918
9919
9922
9922
9926
9932
9936
9939
9939
9950
9951
9951
9953
9954
9954
9959
9960
9971
9974
9987
9988
9993
9993
9994
10001
10010
10010
10012
10012
10021
10024
10025
10028
10030
10033
10035
10039
10041
10043
10046
10054
10055
10058
10058
10060
10065
10071
10075
10077
10079
10081
10084
10086
10086
10087
10090
10092
10099
10100
10105
10105
10113
10119
10121
10138
10145
10149
10152
10157
10158
10159
10159
10160
10162
10163
10172
10174
10174
10174
10175
10180
10181
10182
10193
10193
10201
10209
10210
10215
10215
10226
10233
10237
10240
10240
10244
10245
10247
10247
10250
10252
10255
10260
10260
10263
10265
10266
10274
10275
10277
10280
10281
10286
10292
10294
10295
10297
10297
10298
10301
10304
10305
10311
10318
10324
10324
10324
10329
10329
10331
10331
10331
10331
10335
10338
10339
10340
10343
10345
10352
10355
10356
10358
10359
10372
10377
10378
10382
10385
10387
10387
10389
10391
10393
10394
10400
10401
10408
10409
10414
10419
10423
10424
10430
10430
10435
10436
10437
10437
10440
10442
10443
10446
10447
10449
10453
10455
10458
10458
10462
10464
10466
10471
10474
10477
10477
10478
10492
10493
10494
10497
10504
10510
10513
10516
10516
10518
10518
10519
10523
10526
10527
10529
10530
10534
10535
10537
10543
10546
10555
10561
10561
10563
10567
10571
10578
10584
10585
10586
10602
10603
10608
10614
10615
10621
10623
10624
10626
10628
10638
10639
10650
10650
10650
10653
10655
10669
10681
10682
10683
10686
10688
10694
10697
10700
10704
10704
10705
10710
10714
10718
10720
10722
10724
10725
10731
10734
10734
10736
10736
10738
10738
10743
10745
10745
10746
10746
10764
10764
10771
10782
10787
10797
10802
10804
10806
10816
10816
10824
10827
10828
10831
10834
10843
10855
10859
10863
10866
10867
10869
10870
10875
10883
10885
10891
10895
10896
10897
10897
10906
10910
10915
10917
10917
10921
10923
10924
10926
10929
10929
10935
10950
10954
10960
10963
10964
10967
10968
10978
10978
10980
10984
10994
10996
10997
10998
10998
10998
11004
11012
11012
11012
11012
11015
11018
11018
11022
11029
11032
11032
11035
11036
11040
11040
11044
11049
11050
11053
11070
11072
11076
11078
11079
11082
11093
11101
11106
11115
11129
11129
11130
11130
11136
11141
11143
11144
11151
11151
11154
11154
11159
11161
11169
11169
11172
11174
11177
11178
11179
11181
11185
11186
11186
11188
11189
11189
11191
11193
11196
11197
11198
11204
11207
11208
11209
11214
11215
11215
11224
11229
11231
11232
11233
11234
11235
11237
11237
11240
11241
11244
11251
11257
11260
11262
11264
11268
11269
11274
11278
11280
11288
11292
11293
11308
11311
11315
11315
11317
11318
11323
11324
11328
11332
11335
11338
11341
11343
11345
11345
11350
11353
11358
11359
11367
11371
11371
11373
11381
11381
11382
11389
11389
11394
11395
11400
11403
11418
11430
11431
11436
11438
11444
11447
11450
11450
11451
11452
11454
11459
11462
11463
11465
11466
11470
11473
11492
11507
11512
11514
11518
11519
11524
11525
11529
11530
11534
11539
11544
11555
11558
11569
11569
11581
11584
11587
11593
11600
11604
11607
11609
11611
11620
11623
11625
11635
11635
11639
11641
11643
11652
11654
11668
11669
11670
11670
11671
11674
11675
11677
11684
11687
11690
11692
11697
11698
11700
11702
11703
11705
11709
11709
11710
11711
11714
11717
11725
11727
11733
11737
11737
11738
11740
11741
11752
11753
11754
11757
11758
11762
11764
11777
11781
11785
11786
11793
11800
11800
11805
11812
11812
11813
11818
11821
11825
11827
11829
11829
11837
11848
11856
11859
11864
11865
11871
11871
11872
11874
11874
11885
11895
11899
11904
11905
11905
11910
11917
11919
11925
11929
11933
11938
11940
11941
11942
11944
11953
11961
11964
11979
11979
11986
11988
11993
11995
12005
12009
12011
12013
12018
12019
12023
12025
12027
12029
12030
12032
12032
12034
12035
12040
12043
12044
12048
12048
12051
12051
12053
12057
12058
12059
12063
12064
12066
12066
12066
12071
12071
12074
12074
12075
12087
12090
12090
12091
12091
12095
12097
12099
12105
12109
12112
12116
12121
12126
12135
12139
12143
12144
12149
12151
12152
12155
12161
12165
12168
12175
12180
12186
12194
12200
12206
12210
12212
12215
12218
12219
12219
12220
12221
12226
12226
12227
12228
12241
12241
12243
12250
12251
12254
12260
12272
12280
12283
12289
12289
12290
12295
12302
12309
12310
12318
12319
12320
12322
12327
12339
12344
12348
12348
12352
12356
12362
12368
12368
12372
12374
12376
12379
12380
12387
12389
12398
12398
12405
12408
12416
12422
12424
12425
12434
12435
12435
12439
12444
12449
12450
12455
12457
12461
12463
12464
12466
12471
12471
12476
12477
12482
12484
12484
12494
12498
12501
12506
12511
12516
12518
12524
12526
12526
12528
12528
12531
12533
12533
12537
12542
12543
12548
12555
12557
12558
12562
12563
12564
12567
12569
12569
12570
12570
12571
12577
12579
12579
12581
12586
12586
12593
12595
12596
12598
12604
12607
12608
12611
12618
12629
12639
12639
12643
12650
12652
12654
12654
12654
12657
12673
12674
12675
12678
12681
12690
12697
12697
12702
12703
12703
12707
12708
12713
12713
12715
12721
12726
12729
12732
12734
12734
12735
12738
12741
12743
12746
12755
12759
12764
12766
12767
12770
12779
12782
12782
12783
12785
12785
12790
12791
12793
12798
12799
12811
12811
12812
12814
12821
12821
12831
12842
12852
12852
12855
12856
12857
12857
12858
12860
12861
12865
12871
12872
12874
12877
12883
12885
12887
12887
12889
12890
12890
12895
12897
12901
12905
12907
12910
12916
12918
12923
12925
12932
12932
12932
12934
12944
12944
12947
12951
12952
12954
12956
12958
12960
12960
12962
12962
12969
12972
12979
12981
12988
12998
12998
12999
13000
13001
13002
13010
13013
13014
13016
13018
13027
13027
13028
13029
13029
13036
13043
13045
13065
13070
13075
13087
13088
13089
13091
13098
13112
13117
13117
13119
13121
13122
13131
13134
13134
13139
13140
13142
13143
13145
13148
13152
13157
13158
13168
13173
13174
13176
13179
13181
13182
13184
13191
13191
13191
13208
13213
13213
13216
13219
13222
13224
13225
13225
13234
13246
13251
13252
13253
13254
13261
13262
13271
13281
13288
13288
13296
13301
13304
13310
13311
13312
13316
13318
13319
13319
13340
13341
13347
13348
13352
13360
13365
13366
13371
13372
13375
13384
13384
13416
13418
13419
13421
13425
13432
13434
13441
13442
13443
13449
13450
13453
13455
13455
13455
13460
13462
13465
13467
13468
13468
13473
13473
13474
13478
13483
13484
13489
13489
13491
13493
13499
13500
13501
13503
13506
13511
13511
13513
13519
13526
13533
13540
13544
13551
13555
13556
13556
13557
13559
13563
13568
13569
13571
13576
13589
13591
13593
13594
13597
13600
13603
13603
13605
13610
13612
13615
13615
13621
13622
13626
13627
13627
13630
13638
13638
13639
13640
13642
13650
13657
13660
13669
13674
13676
13678
13681
13682
13686
13692
13696
13699
13703
13704
13705
13707
13709
13714
13717
13722
13731
13737
13738
13744
13747
13747
13755
13755
13758
13759
13761
13764
13766
13771
13772
13780
13782
13787
13792
13797
13799
13799
13802
13804
13806
13809
13810
13814
13817
13817
13823
13824
13827
13829
13832
13843
13846
13847
13848
13848
13849
13849
13856
13857
13858
13864
13869
13875
13879
13880
13881
13886
13900
13901
13902
13903
13908
13916
13920
13927
13938
13942
13943
13944
13945
13945
13953
13957
13962
13965
13965
13966
13969
13970
13972
13975
13978
13979
13983
13986
13989
13989
13990
14004
14010
14012
14015
14017
14017
14017
14028
14030
14031
14038
14040
14041
14044
14045
14046
14053
14054
14060
14061
14063
14066
14068
14074
14075
14075
14082
14083
14084
14087
14087
14087
14088
14089
14091
14097
14100
14103
14109
14114
14116
14117
14120
14120
14123
14125
14133
14143
14147
14148
14149
14150
14151
14153
14160
14161
14163
14169
14172
14184
14188
14193
14203
14209
14210
14213
14216
14220
14228
14230
14234
14235
14244
14245
14245
14245
14248
14250
14252
14255
14257
14261
14264
14264
14278
14281
14281
14282
14283
14284
14287
14289
14289
14293
14293
14300
14302
14306
14307
14308
14322
14322
14331
14331
14335
14340
14341
14341
14349
14352
14356
14357
14363
14365
14369
14378
14386
14386
14387
14388
14396
14397
14399
14399
14407
14410
14410
14411
14416
14417
14418
14424
14427
14428
14440
14442
14445
14450
14451
14454
14456
14457
14468
14473
14476
14476
14492
14494
14495
14501
14501
14502
14505
14505
14506
14510
14513
14516
14516
14517
14517
14520
14529
14531
14541
14541
14541
14542
14544
14545
14554
14556
14556
14557
14560
14563
14564
14569
14570
14571
14572
14574
14577
14578
14581
14583
14587
14588
14589
14596
14597
14598
14600
14602
14604
14608
14611
14613
14614
14614
14621
14623
14624
14635
14639
14643
14646
14646
14654
14660
14660
14664
14670
14672
14681
14681
14686
14690
14691
14694
14698
14699
14703
14709
14712
14714
14716
14716
14722
14722
14725
14741
14749
14749
14755
14758
14761
14763
14764
14765
14767
14768
14769
14769
14772
14774
14784
14785
14790
14792
14797
14809
14809
14811
14813
14816
14816
14816
14832
14833
14835
14837
14839
14839
14843
14843
14851
14852
14854
14854
14855
14856
14862
14864
14865
14874
14875
14878
14880
14880
14881
14882
14887
14892
14894
14901
14906
14906
14910
14910
14911
14917
14921
14924
14924
14930
14933
14937
14944
14944
14945
14948
14951
14952
14962
14970
14970
14970
14977
14985
14985
14992
14992
14997
14997
14999
15001
15006
15009
15010
15011
15016
15019
15019
15024
15025
15035
15036
15036
15040
15040
15041
15048
15049
15050
15053
15056
15059
15071
15072
15076
15076
15078
15085
15089
15090
15099
15102
15103
15107
15108
15111
15116
15117
15119
15119
15124
15126
15128
15130
15134
15136
15138
15138
15139
15143
15144
15148
15152
15153
15164
15166
15167
15171
15180
15183
15188
15192
15193
15203
15217
15218
15221
15223
15223
15225
15225
15228
15231
15231
15235
15239
15240
15240
15243
15265
15265
15268
15272
15273
15283
15287
15289
15290
15290
15295
15299
15313
15317
15320
15321
15323
15329
15333
15333
15345
15348
15351
15353
15353
15354
15356
15357
15359
15359
15361
15365
15366
15370
15373
15374
15376
15379
15380
15383
15390
15392
15394
15395
15401
15407
15414
15415
15418
15418
15421
15421
15422
15428
15430
15431
15433
15435
15435
15449
15450
15461
15463
15464
15476
15480
15485
15485
15491
15492
15492
15495
15500
15500
15507
15515
15526
15527
15528
15529
15531
15533
15538
15539
15546
15547
15551
15551
15554
15558
15559
15565
15575
15578
15583
15585
15591
15594
15597
15598
15603
15604
15607
15613
15618
15625
15626
15630
15631
15635
15636
15640
15642
15647
15648
15657
15667
15668
15671
15671
15672
15675
15681
15681
15698
15699
15699
15705
15705
15706
15708
15710
15710
15711
15712
15714
15714
15715
15718
15723
15723
15736
15737
15738
15738
15741
15743
15745
15746
15750
15751
15753
15753
15754
15756
15763
15766
15769
15773
15775
15776
15781
15791
15797
15799
15802
15805
15807
15809
15811
15815
15816
15817
15819
15836
15844
15848
15852
15857
15858
15859
15865
15868
15870
15873
15875
15879
15888
15888
15890
15893
15895
15902
15902
15908
15914
15922
15922
15923
15923
15924
15926
15927
15928
15943
15947
15950
15952
15954
15954
15954
15958
15958
15961
15968
15968
15971
15973
15974
15975
15975
15979
15979
15981
15981
15983
15987
15988
16001
16005
16005
16007
16008
16010
16010
16015
16019
16020
16020
16026
16035
16036
16039
16039
16046
16046
16055
16059
16060
16067
16076
16077
16087
16091
16095
16097
16101
16102
16109
16112
16118
16119
16120
16122
16124
16140
16141
16143
16150
16152
16160
16167
16167
16168
16168
16170
16170
16173
16175
16176
16179
16180
16185
16189
16202
16205
16210
16215
16215
16216
16217
16218
16225
16229
16233
16235
16236
16241
16244
16246
16251
16251
16253
16259
16259
16262
16264
16266
16268
16268
16274
16276
16282
16285
16287
16292
16293
16306
16312
16322
16325
16330
16330
16331
16333
16338
16339
16344
16346
16350
16358
16360
16362
16363
16364
16368
16371
16371
16374
16375
16380
16384
16389
16391
16392
16393
16394
16396
16398
16402
16407
16412
16412
16420
16424
16430
16431
16432
16433
16433
16435
16435
16446
16448
16452
16452
16455
16459
16470
16474
16476
16477
16478
16480
16480
16483
16488
16493
16494
16496
16504
16507
16511
16513
16513
16514
16517
16524
16526
16529
16540
16541
16551
16558
16558
16560
16560
16561
16562
16563
16568
16569
16574
16575
16577
16588
16591
16595
16606
16606
16607
16616
16623
16625
16635
16638
16638
16639
16642
16643
16649
16652
16656
16657
16658
16659
16660
16662
16662
16663
16665
16666
16667
16676
16677
16684
16691
16694
16696
16701
16701
16709
16716
16717
16717
16720
16723
16723
16724
16728
16733
16736
16736
16736
16739
16741
16749
16751
16751
16757
16765
16772
16774
16775
16780
16783
16796
16802
16804
16805
16806
16806
16810
16810
16813
16819
16827
16828
16828
16830
16832
16834
16834
16835
16849
16849
16851
16853
16860
16863
16864
16866
16869
16874
16875
16876
16880
16884
16889
16898
16901
16904
16907
16910
16910
16921
16927
16929
16931
16934
16936
16936
16938
16941
16942
16943
16945
16948
16951
16957
16960
16960
16961
16974
16975
16981
16982
16986
16989
16994
16996
16996
16997
16998
17003
17004
17007
17008
17013
17019
17021
17023
17024
17027
17030
17031
17031
17034
17034
17037
17039
17044
17045
17049
17055
17056
17056
17056
17059
17063
17067
17071
17072
17079
17082
17086
17086
17092
17100
17101
17111
17121
17121
17125
17127
17129
17135
17137
17140
17146
17149
17149
17152
17158
17161
17168
17169
17174
17176
17177
17178
17182
17188
17191
17193
17194
17195
17196
17197
17198
17198
17198
17198
17200
17205
17206
17208
17211
17211
17215
17221
17222
17223
17224
17225
17227
17228
17230
17231
17232
17236
17240
17240
17241
17246
17248
17252
17253
17255
17264
17264
17266
17269
17276
17282
17286
17286
17287
17299
17299
17300
17301
17308
17311
17316
17317
17318
17319
17321
17323
17324
17324
17327
17333
17333
17340
17341
17344
17351
17352
17352
17353
17354
17356
17358
17363
17370
17372
17372
17373
17380
17384
17385
17390
17392
17394
17398
17404
17405
17409
17409
17410
17411
17412
17413
17413
17420
17430
17435
17436
17445
17449
17454
17454
17459
17460
17460
17462
17465
17467
17471
17475
17478
17479
17481
17484
17485
17487
17488
17491
17494
17494
17494
17501
17503
17510
17510
17514
17515
17517
17518
17519
17524
17529
17530
17531
17539
17544
17544
17546
17549
17552
17553
17558
17578
17581
17582
17585
17588
17588
17590
17595
17598
17600
17602
17603
17609
17616
17619
17620
17625
17627
17630
17632
17633
17636
17637
17647
17648
17651
17653
17654
17654
17655
17659
17662
17663
17666
17668
17672
17674
17677
17678
17692
17692
17692
17694
17699
17700
17705
17707
17713
17722
17730
17731
17735
17737
17741
17745
17745
17747
17759
17761
17761
17764
17765
17767
17771
17775
17775
17777
17778
17784
17792
17792
17800
17803
17804
17810
17813
17823
17824
17827
17829
17832
17843
17849
17854
17863
17865
17865
17866
17867
17871
17871
17880
17886
17886
17887
17889
17895
17898
17902
17902
17909
17911
17911
17912
17918
17919
17924
17928
17934
17940
17941
17944
17955
17957
17971
17975
17979
17995
17997
18013
18020
18021
18024
18034
18037
18038
18038
18039
18039
18041
18041
18044
18044
18047
18049
18056
18060
18062
18062
18064
18066
18075
18079
18080
18083
18087
18092
18094
18095
18095
18097
18098
18100
18104
18107
18108
18108
18111
18117
18119
18122
18123
18124
18128
18131
18134
18137
18137
18147
18148
18149
18162
18163
18164
18164
18164
18174
18177
18183
18186
18192
18196
18196
18199
18202
18213
18213
18219
18220
18221
18223
18226
18230
18230
18233
18234
18235
18238
18238
18245
18247
18251
18252
18255
18256
18261
18264
18265
18268
18273
18276
18280
18284
18284
18291
18292
18294
18301
18309
18313
18323
18329
18331
18339
18339
18339
18343
18344
18347
18349
18350
18351
18352
18352
18352
18356
18360
18367
18368
18369
18370
18377
18382
18386
18390
18393
18395
18399
18399
18403
18407
18409
18412
18412
18414
18417
18419
18420
18421
18426
18426
18429
18429
18434
18436
18439
18442
18443
18451
18453
18462
18467
18469
18469
18475
18478
18503
18520
18520
18520
18524
18528
18532
18533
18534
18534
18535
18542
18548
18551
18563
18564
18565
18567
18569
18570
18573
18575
18579
18579
18584
18585
18586
18589
18589
18590
18591
18591
18601
18611
18611
18616
18622
18626
18628
18632
18632
18635
18642
18647
18648
18648
18653
18656
18656
18657
18660
18661
18667
18668
18679
18681
18687
18688
18693
18695
18696
18697
18698
18700
18703
18704
18706
18708
18710
18712
18715
18719
18720
18721
18722
18728
18730
18736
18737
18740
18748
18749
18758
18758
18763
18767
18774
18774
18776
18777
18779
18779
18781
18788
18789
18789
18796
18805
18809
18811
18812
18820
18821
18823
18824
18828
18828
18829
18831
18832
18833
18838
18839
18849
18853
18855
18856
18857
18862
18865
18869
18877
18879
18892
18896
18897
18898
18903
18906
18914
18930
18932
18935
18942
18946
18952
18964
18964
18969
18970
18971
18972
18973
18982
18983
18983
18985
19003
19003
19005
19010
19011
19012
19013
19014
19019
19019
19019
19020
19021
19025
19027
19031
19034
19036
19040
19042
19045
19045
19048
19048
19049
19049
19052
19052
19058
19064
19065
19069
19071
19073
19073
19074
19075
19076
19076
19081
19082
19084
19090
19092
19092
19093
19093
19094
19095
19096
19097
19097
19098
19100
19100
19100
19102
19106
19107
19109
19112
19114
19131
19133
19133
19135
19136
19136
19143
19148
19157
19159
19166
19169
19170
19174
19174
19175
19177
19179
19184
19188
19192
19193
19201
19203
19210
19211
19211
19226
19228
19228
19232
19232
19234
19234
19235
19237
19239
19247
19257
19267
19267
19268
19269
19275
19275
19281
19288
19297
19299
19299
19302
19303
19306
19307
19313
19314
19318
19318
19328
19329
19332
19335
19335
19336
19342
19345
19345
19346
19352
19352
19353
19358
19361
19368
19370
19370
19371
19383
19387
19388
19391
19393
19396
19398
19400
19407
19411
19415
19415
19418
19426
19428
19429
19431
19431
19432
19433
19436
19438
19439
19448
19451
19455
19461
19462
19462
19463
19464
19468
19473
19475
19477
19478
19479
19480
19481
19486
19490
19490
19493
19496
19501
19502
19505
19507
19511
19512
19516
19519
19521
19524
19525
19529
19535
19537
19539
19542
19543
19549
19552
19562
19562
19565
19567
19570
19570
19576
19577
19578
19592
19599
19601
19603
19605
19617
19620
19622
19622
19626
19627
19632
19635
19636
19645
19648
19650
19650
19652
19657
19657
19658
19660
19664
19670
19691
19699
19700
19709
19709
19717
19717
19718
19719
19723
19723
19731
19735
19737
19737
19741
19748
19756
19756
19757
19759
19759
19761
19763
19764
19767
19769
19769
19772
19772
19777
19777
19778
19778
19778
19782
19788
19788
19789
19789
19791
19798
19799
19810
19812
19815
19818
19828
19835
19841
19845
19850
19858
19862
19864
19864
19871
19873
19877
19877
19883
19893
19894
19896
19912
19914
19919
19920
19926
19932
19934
19954
19957
19957
19964
19966
19966
19979
19988
19993
19993
19996
19996
19996
19999
20009
20013
20013
20014
20018
20027
20028
20040
20045
20046
20049
20053
20054
20056
20061
20064
20068
20068
20071
20072
20072
20086
20090
20091
20094
20094
20098
20104
20105
20110
20111
20112
20117
20120
20129
20134
20136
20137
20139
20143
20148
20149
20151
20153
20155
20161
20162
20165
20167
20169
20173
20175
20177
20177
20179
20179
20182
20185
20194
20198
20200
20201
20202
20213
20214
20225
20233
20237
20240
20244
20247
20248
20251
20255
20256
20258
20261
20264
20267
20268
20268
20269
20269
20273
20274
20275
20275
20278
20279
20281
20299
20304
20309
20312
20321
20327
20336
20338
20344
20346
20353
20353
20360
20361
20367
20377
20381
20386
20386
20387
20394
20397
20397
20402
20403
20412
20414
20422
20423
20426
20430
20432
20433
20436
20437
20440
20441
20446
20452
20457
20457
20464
20466
20474
20487
20487
20488
20488
20489
20490
20490
20498
20500
20503
20504
20511
20517
20520
20537
20540
20547
20549
20551
20552
20563
20566
20567
20572
20574
20578
20579
20581
20582
20585
20589
20596
20599
20605
20607
20616
20619
20620
20628
20631
20631
20635
20640
20643
20656
20661
20664
20665
20668
20670
20679
20680
20684
20686
20686
20690
20690
20693
20693
20696
20701
20708
20712
20715
20717
20723
20733
20734
20734
20741
20741
20746
20750
20753
20755
20756
20762
20763
20767
20767
20772
20773
20784
20789
20789
20792
20793
20794
20795
20797
20800
20802
20804
20805
20813
20817
20824
20828
20828
20828
20841
20843
20844
20846
20857
20871
20873
20873
20883
20883
20885
20885
20885
20886
20890
20898
20901
20907
20907
20911
20913
20922
20926
20927
20934
20935
20935
20936
20937
20940
20942
20948
20952
20955
20958
20966
20968
20969
20973
20980
20981
20990
20990
20992
20992
20992
20993
20997
20998
21004
21013
21017
21021
21022
21026
21031
21031
21033
21034
21038
21042
21046
21049
21056
21059
21059
21060
21061
21062
21066
21067
21070
21071
21075
21075
21085
21095
21097
21109
21110
21127
21129
21130
21130
21131
21132
21133
21138
21144
21145
21146
21152
21154
21154
21154
21156
21158
21162
21163
21169
21170
21175
21179
21180
21183
21185
21186
21187
21187
21191
21194
21196
21205
21207
21212
21217
21221
21222
21222
21229
21232
21242
21245
21248
21248
21263
21263
21267
21269
21270
21272
21273
21274
21276
21287
21294
21295
21300
21310
21321
21321
21322
21324
21325
21325
21327
21329
21330
21334
21334
21338
21339
21341
21342
21343
21344
21353
21356
21359
21362
21365
21366
21368
21371
21375
21377
21377
21380
21382
21383
21386
21386
21391
21398
21399
21406
21408
21409
21410
21413
21413
21415
21416
21416
21421
21422
21423
21431
21432
21434
21437
21440
21442
21449
21452
21456
21461
21461
21461
21463
21466
21468
21468
21469
21475
21485
21485
21489
21490
21492
21493
21497
21498
21511
21512
21513
21514
21515
21521
21523
21527
21532
21534
21538
21543
21543
21544
21545
21546
21550
21550
21551
21554
21555
21557
21565
21567
21568
21573
21578
21578
21580
21581
21581
21582
21591
21600
21601
21602
21603
21610
21612
21614
21632
21635
21637
21638
21639
21642
21643
21646
21648
21651
21654
21657
21661
21661
21662
21663
21669
21673
21676
21676
21679
21680
21685
21691
21693
21694
21699
21705
21705
21706
21707
21711
21718
21719
21720
21722
21731
21733
21740
21740
21741
21742
21743
21745
21747
21747
21750
21751
21767
21773
21775
21776
21778
21781
21792
21795
21797
21800
21801
21805
21805
21806
21807
21807
21811
21813
21814
21819
21825
21834
21838
21847
21848
21849
21849
21852
21853
21854
21855
21865
21865
21867
21868
21869
21870
21870
21872
21876
21884
21886
21887
21889
21897
21898
21898
21903
21904
21907
21908
21909
21912
21916
21916
21919
21919
21930
21932
21933
21934
21939
21941
21941
21943
21944
21948
21952
21956
21962
21968
21972
21997
22001
22006
22007
22007
22011
22012
22021
22024
22026
22028
22029
22031
22033
22035
22042
22044
22050
22051
22052
22053
22056
22056
22060
22060
22065
22066
22066
22066
22068
22069
22071
22079
22079
22089
22093
22093
22095
22096
22100
22101
22104
22104
22108
22108
22112
22114
22117
22118
22119
22126
22138
22141
22142
22143
22144
22145
22149
22156
22157
22162
22163
22164
22169
22190
22191
22192
22192
22195
22195
22198
22199
22202
22202
22204
22204
22205
22208
22215
22217
22221
22224
22224
22228
22231
22235
22240
22242
22246
22247
22250
22253
22254
22259
22272
22275
22284
22285
22292
22295
22300
22302
22303
22305
22305
22308
22313
22314
22315
22317
22318
22318
22319
22321
22328
22332
22332
22332
22337
22339
22341
22342
22343
22344
22345
22346
22346
22363
22363
22365
22373
22373
22374
22377
22385
22393
22394
22400
22402
22406
22407
22410
22413
22414
22414
22417
22418
22418
22419
22419
22422
22424
22426
22428
22428
22430
22433
22435
22442
22444
22448
22452
22453
22456
22458
22459
22459
22462
22462
22463
22464
22468
22474
22474
22475
22479
22484
22486
22490
22490
22492
22494
22495
22499
22500
22501
22503
22504
22505
22508
22508
22513
22514
22521
22521
22526
22529
22529
22532
22538
22548
22553
22553
22556
22565
22576
22578
22580
22580
22583
22584
22585
22599
22600
22604
22608
22613
22613
22614
22615
22616
22618
22623
22624
22626
22627
22627
22628
22639
22645
22648
22649
22652
22653
22656
22659
22663
22667
22670
22675
22677
22679
22682
22683
22695
22698
22708
22709
22711
22719
22720
22732
22734
22739
22740
22742
22752
22752
22757
22759
22762
22776
22777
22778
22780
22788
22792
22802
22803
22803
22807
22811
22812
22813
22814
22817
22821
22821
22830
22832
22836
22838
22848
22862
22862
22863
22863
22870
22870
22873
22876
22877
22878
22879
22880
22899
22905
22907
22908
22912
22918
22920
22920
22922
22931
22932
22932
22936
22936
22937
22938
22939
22941
22943
22944
22948
22948
22953
22956
22956
22969
22970
22975
22976
22977
22979
22982
22987
22991
22994
22996
22998
23003
23005
23013
23021
23025
23026
23027
23030
23033
23040
23046
23048
23054
23054
23054
23057
23063
23068
23069
23071
23073
23081
23085
23087
23087
23096
23099
23107
23110
23111
23119
23120
23121
23123
23135
23139
23144
23151
23151
23153
23154
23155
23162
23163
23164
23169
23169
23178
23181
23184
23187
23188
23190
23196
23204
23207
23214
23219
23220
23220
23222
23226
23227
23229
23237
23246
23248
23251
23253
23257
23260
23267
23270
23283
23288
23290
23292
23293
23294
23310
23311
23323
23323
23328
23334
23338
23341
23355
23355
23356
23363
23366
23378
23382
23383
23397
23397
23399
23400
23402
23415
23422
23426
23441
23443
23446
23446
23452
23459
23459
23460
23466
23466
23466
23467
23468
23468
23480
23487
23495
23496
23498
23498
23513
23515
23515
23520
23523
23534
23537
23537
23538
23547
23555
23556
23557
23558
23569
23571
23575
23579
23580
23583
23583
23585
23585
23587
23588
23594
23595
23596
23596
23600
23601
23610
23611
23614
23614
23614
23620
23625
23627
23628
23628
23632
23638
23643
23648
23648
23648
23649
23661
23662
23665
23667
23672
23672
23680
23682
23685
23686
23687
23687
23688
23689
23690
23692
23693
23693
23694
23702
23709
23719
23721
23722
23733
23737
23737
23745
23746
23749
23759
23766
23770
23774
23776
23779
23779
23782
23784
23788
23791
23792
23806
23807
23816
23818
23828
23841
23841
23846
23851
23854
23856
23858
23861
23863
23863
23866
23866
23874
23878
23882
23890
23891
23891
23893
23896
23905
23911
23920
23925
23926
23929
23930
23930
23935
23937
23939
23940
23940
23943
23944
23944
23947
23948
23949
23954
23955
23958
23973
23975
23980
23980
23981
23983
23985
23987
23990
23996
23996
24001
24008
24016
24027
24034
24042
24044
24045
24045
24049
24055
24056
24056
24058
24059
24062
24064
24066
24067
24068
24070
24070
24070
24073
24074
24077
24078
24082
24084
24085
24088
24094
24107
24112
24113
24115
24116
24116
24119
24121
24126
24126
24129
24130
24132
24133
24133
24134
24136
24142
24146
24149
24150
24151
24152
24154
24155
24155
24157
24159
24173
24174
24176
24176
24179
24179
24181
24185
24189
24191
24203
24213
24214
24216
24223
24232
24236
24238
24240
24240
24242
24244
24247
24250
24250
24251
24254
24255
24258
24260
24264
24264
24265
24265
24266
24270
24272
24273
24276
24279
24280
24281
24286
24287
24295
24302
24304
24310
24312
24315
24315
24316
24317
24317
24318
24320
24322
24323
24327
24330
24331
24334
24335
24335
24339
24341
24356
24359
24365
24366
24371
24373
24374
24376
24391
24391
24392
24412
24414
24420
24426
24431
24432
24434
24440
24444
24450
24450
24450
24456
24457
24465
24475
24475
24481
24481
24483
24483
24484
24486
24486
24498
24498
24499
24500
24512
24521
24527
24528
24537
24549
24550
24553
24553
24555
24563
24564
24567
24568
24571
24577
24587
24592
24594
24595
24595
24609
24615
24618
24635
24642
24644
24650
24656
24658
24658
24658
24661
24662
24667
24674
24676
24680
24681
24683
24683
24686
24695
24697
24698
24698
24700
24704
24706
24707
24717
24722
24724
24724
24727
24728
24730
24733
24742
24745
24745
24760
24761
24763
24764
24772
24772
24773
24777
24778
24781
24782
24787
24790
24790
24798
24806
24810
24813
24816
24820
24821
24826
24829
24830
24832
24835
24837
24840
24840
24842
24845
24846
24851
24852
24855
24857
24871
24872
24876
24877
24878
24886
24886
24886
24895
24896
24900
24907
24908
24909
24911
24912
24913
24917
24922
24926
24933
24944
24945
24950
24952
24954
24957
24961
24961
24962
24965
24968
24972
24972
24977
24978
24979
24988
24990
24991
24995
25001
25001
25010
25012
25013
25021
25033
25036
25037
25056
25058
25060
25061
25064
25066
25071
25077
25079
25081
25081
25083
25088
25091
25094
25094
25096
25099
25104
25105
25110
25111
25122
25123
25126
25128
25130
25132
25141
25143
25144
25152
25153
25153
25158
25161
25161
25162
25165
25166
25167
25168
25169
25173
25179
25179
25182
25183
25189
25199
25201
25202
25202
25203
25210
25211
25213
25228
25230
25230
25236
25236
25241
25242
25242
25248
25252
25252
25255
25255
25257
25257
25259
25261
25263
25263
25267
25268
25270
25279
25284
25285
25288
25292
25292
25293
25293
25294
25298
25302
25308
25312
25314
25315
25319
25320
25323
25323
25324
25330
25330
25333
25334
25334
25338
25339
25344
25347
25349
25350
25353
25356
25358
25362
25363
25364
25364
25366
25371
25391
25392
25392
25401
25405
25405
25406
25407
25409
25412
25414
25414
25422
25423
25424
25425
25427
25431
25431
25433
25434
25440
25456
25458
25460
25461
25463
25467
25467
25470
25472
25475
25476
25477
25478
25478
25483
25487
25488
25497
25502
25507
25510
25515
25517
25519
25519
25530
25534
25536
25540
25542
25544
25547
25553
25560
25561
25563
25567
25569
25577
25578
25578
25594
25597
25608
25609
25613
25615
25615
25617
25619
25621
25623
25624
25626
25630
25632
25636
25660
25667
25669
25670
25678
25678
25679
25681
25684
25686
25689
25689
25690
25690
25694
25694
25695
25695
25697
25698
25699
25700
25702
25707
25711
25712
25714
25715
25719
25721
25723
25728
25731
25732
25733
25734
25743
25753
25753
25755
25756
25759
25759
25760
25760
25764
25773
25774
25779
25784
25785
25791
25796
25803
25812
25815
25818
25819
25823
25827
25834
25839
25845
25846
25847
25850
25852
25859
25862
25873
25875
25881
25881
25882
25889
25892
25895
25898
25898
25902
25907
25920
25930
25931
25942
25945
25953
25953
25964
25964
25967
25967
25968
25971
25973
25978
25980
25982
25986
25996
25999
26000
26004
26006
26009
26012
26017
26018
26018
26022
26022
26023
26025
26026
26031
26034
26036
26036
26040
26043
26046
26058
26058
26063
26064
26067
26078
26079
26083
26084
26086
26087
26087
26089
26093
26095
26099
26108
26108
26109
26110
26113
26117
26129
26143
26144
26148
26150
26155
26156
26157
26159
26160
26160
26162
26163
26165
26165
26168
26169
26170
26181
26182
26186
26186
26193
26208
26208
26208
26210
26211
26212
26218
26224
26224
26227
26228
26229
26229
26231
26237
26240
26240
26242
26244
26246
26248
26255
26255
26262
26265
26267
26271
26276
26278
26279
26279
26281
26283
26287
26296
26297
26297
26300
26303
26307
26307
26308
26311
26311
26321
26323
26326
26327
26330
26332
26333
26337
26338
26338
26344
26345
26347
26353
26354
26356
26356
26357
26362
26367
26369
26374
26375
26375
26378
26379
26384
26385
26387
26389
26394
26396
26398
26400
26404
26404
26406
26408
26410
26412
26415
26416
26416
26417
26418
26422
26424
26427
26429
26432
26434
26437
26438
26438
26445
26454
26455
26456
26460
26468
26473
26474
26485
26491
26491
26496
26497
26499
26502
26504
26509
26511
26513
26520
26524
26525
26529
26533
26534
26535
26536
26538
26543
26546
26548
26557
26560
26568
26568
26575
26576
26585
26585
26591
26604
26614
26615
26616
26616
26617
26628
26629
26630
26634
26635
26640
26643
26643
26644
26646
26662
26663
26668
26669
26677
26678
26681
26689
26699
26702
26708
26717
26719
26720
26725
26732
26732
26733
26736
26739
26740
26741
26741
26742
26744
26749
26778
26780
26781
26784
26790
26791
26793
26794
26796
26796
26796
26799
26799
26807
26809
26809
26810
26822
26824
26826
26826
26826
26828
26834
26834
26838
26842
26843
26845
26845
26849
26853
26856
26860
26865
26869
26873
26876
26877
26882
26884
26884
26886
26888
26891
26897
26902
26904
26905
26906
26916
26917
26920
26923
26934
26935
26937
26944
26950
26953
26955
26955
26967
26970
26971
26971
26975
26977
26983
26984
26985
26985
26988
26990
26995
26996
26997
26998
27011
27018
27023
27023
27024
27041
27043
27043
27046
27048
27049
27057
27058
27065
27068
27072
27073
27074
27077
27080
27086
27088
27094
27098
27099
27099
27101
27105
27106
27109
27113
27113
27117
27117
27120
27125
27126
27131
27138
27142
27144
27146
27152
27157
27158
27162
27173
27174
27177
27179
27189
27191
27192
27192
27193
27193
27198
27201
27204
27212
27216
27218
27221
27222
27224
27226
27231
27232
27233
27235
27236
27240
27240
27242
27242
27246
27250
27257
27262
27265
27265
27282
27282
27286
27289
27291
27292
27292
27294
27294
27296
27297
27298
27299
27309
27309
27310
27311
27315
27316
27320
27320
27320
27322
27326
27327
27327
27329
27329
27334
27337
27340
27342
27349
27352
27355
27359
27362
27363
27365
27368
27370
27374
27388
27393
27393
27399
27402
27406
27408
27411
27412
27414
27419
27424
27425
27426
27429
27433
27440
27440
27443
27450
27450
27461
27463
27469
27474
27475
27475
27483
27483
27487
27490
27496
27500
27500
27501
27503
27507
27509
27513
27518
27518
27525
27527
27528
27531
27531
27533
27535
27536
27538
27539
27540
27542
27548
27556
27561
27566
27569
27570
27571
27572
27582
27587
27589
27591
27598
27604
27604
27606
27608
27610
27614
27617
27640
27641
27641
27649
27653
27659
27661
27665
27670
27673
27682
27683
27700
27707
27714
27715
27716
27719
27721
27723
27723
27724
27724
27725
27727
27733
27739
27739
27749
27751
27751
27752
27754
27770
27771
27781
27788
27789
27789
27800
27806
27809
27820
27831
27833
27834
27837
27838
27840
27846
27851
27857
27860
27861
27861
27861
27864
27865
27866
27870
27870
27877
27877
27883
27887
27889
27898
27899
27899
27903
27903
27903
27903
27904
27911
27914
27915
27917
27922
27923
27924
27925
27936
27939
27941
27943
27949
27950
27953
27955
27959
27963
27964
27964
27966
27968
27974
27975
27982
27993
27993
27995
27996
27998
27999
28001
28016
28017
28017
28022
28022
28024
28033
28035
28036
28040
28040
28042
28042
28042
28047
28052
28052
28053
28056
28056
28058
28059
28060
28062
28065
28065
28065
28065
28066
28067
28069
28072
28073
28073
28077
28080
28094
28094
28094
28099
28106
28108
28114
28116
28118
28123
28128
28138
28138
28140
28140
28141
28144
28147
28152
28154
28163
28164
28165
28166
28169
28169
28178
28179
28187
28188
28191
28194
28200
28200
28220
28221
28225
28227
28230
28232
28234
28237
28240
28243
28246
28248
28248
28254
28255
28256
28260
28260
28261
28263
28269
28269
28269
28273
28274
28277
28278
28285
28288
28293
28297
28298
28302
28303
28305
28307
28322
28325
28331
28334
28335
28336
28349
28350
28350
28355
28356
28361
28364
28364
28364
28365
28369
28374
28378
28379
28381
28383
28386
28387
28387
28395
28396
28402
28404
28408
28412
28417
28419
28426
28427
28432
28434
28437
28438
28439
28440
28440
28452
28452
28453
28457
28463
28465
28469
28471
28472
28474
28474
28475
28478
28482
28486
28487
28492
28492
28494
28502
28508
28508
28518
28519
28521
28522
28541
28542
28544
28545
28549
28550
28551
28556
28556
28558
28560
28566
28566
28568
28574
28579
28580
28585
28587
28588
28589
28589
28591
28594
28598
28598
28599
28600
28601
28603
28604
28605
28614
28614
28617
28632
28637
28639
28641
28651
28652
28653
28655
28660
28666
28668
28682
28683
28688
28692
28692
28695
28698
28706
28707
28720
28725
28730
28745
28747
28751
28754
28756
28757
28769
28775
28778
28785
28786
28788
28790
28793
28795
28801
28802
28806
28807
28809
28809
28809
28820
28823
28837
28842
28848
28855
28859
28860
28863
28866
28866
28866
28866
28869
28870
28873
28875
28883
28883
28886
28887
28892
28897
28903
28905
28907
28912
28914
28917
28920
28926
28934
28937
28951
28953
28953
28953
28957
28959
28959
28964
28967
28968
28968
28970
28971
28971
28972
28973
28974
28977
28980
28983
28986
28991
28997
29000
29001
29002
29005
29006
29006
29008
29009
29010
29011
29014
29015
29018
29020
29024
29056
29057
29061
29064
29067
29073
29075
29077
29077
29077
29078
29082
29083
29086
29090
29093
29093
29099
29101
29104
29112
29113
29118
29132
29132
29137
29138
29141
29143
29149
29152
29153
29155
29160
29162
29165
29169
29171
29175
29175
29180
29196
29196
29202
29204
29208
29209
29210
29211
29211
29211
29218
29222
29226
29230
29231
29232
29243
29248
29252
29255
29257
29264
29264
29265
29269
29274
29278
29285
29287
29289
29292
29295
29295
29302
29306
29306
29308
29310
29311
29318
29325
29327
29332
29341
29342
29344
29346
29349
29350
29352
29357
29360
29367
29371
29371
29372
29372
29372
29384
29388
29391
29396
29396
29399
29399
29400
29403
29403
29405
29410
29414
29415
29419
29428
29429
29434
29434
29436
29443
29444
29445
29445
29450
29454
29455
29460
29466
29468
29470
29474
29478
29480
29487
29491
29493
29495
29504
29505
29506
29511
29514
29515
29519
29520
29527
29532
29536
29539
29542
29548
29549
29550
29558
29568
29569
29573
29574
29578
29582
29583
29585
29589
29596
29597
29599
29602
29604
29608
29610
29614
29615
29625
29630
29631
29633
29641
29645
29646
29646
29648
29649
29649
29651
29662
29671
29675
29677
29677
29682
29682
29683
29686
29690
29692
29692
29694
29695
29696
29700
29701
29701
29705
29709
29712
29713
29713
29716
29722
29727
29733
29733
29745
29747
29752
29755
29756
29767
29767
29770
29772
29773
29780
29780
29781
29782
29786
29788
29791
29793
29795
29796
29797
29797
29798
29799
29799
29801
29804
29806
29806
29813
29816
29818
29821
29823
29826
29828
29830
29837
29844
29848
29848
29855
29856
29857
29862
29871
29875
29875
29878
29879
29882
29883
29884
29886
29889
29893
29895
29899
29900
29902
29902
29906
29909
29911
29914
29916
29917
29918
29919
29919
29919
29923
29926
29926
29931
29937
29938
29942
29948
29950
29952
29957
29959
29961
29965
29969
29975
29976
29979
29979
29980
29982
29985
29986
29995
30000
30002
30004
30005
30006
30007
30008
30013
30014
30017
30018
30022
30028
30030
30031
30036
30037
30039
30046
30059
30067
30074
30076
30077
30083
30085
30090
30094
30101
30105
30107
30110
30111
30112
30114
30114
30115
30116
30118
30120
30121
30133
30136
30140
30147
30149
30149
30156
30159
30166
30167
30175
30178
30181
30184
30189
30196
30204
30206
30208
30209
30210
30214
30214
30220
30229
30230
30235
30238
30239
30240
30241
30242
30247
30248
30263
30271
30275
30275
30276
30277
30278
30280
30281
30281
30289
30290
30292
30297
30298
30304
30308
30319
30322
30331
30331
30334
30344
30345
30354
30355
30356
30358
30359
30364
30367
30368
30375
30382
30384
30384
30386
30390
30392
30394
30400
30412
30413
30416
30417
30417
30422
30424
30424
30428
30431
30432
30432
30434
30436
30437
30443
30443
30444
30445
30449
30451
30454
30464
30468
30471
30473
30483
30484
30488
30498
30499
30502
30527
30532
30541
30541
30550
30553
30556
30558
30559
30564
30569
30573
30576
30579
30582
30587
30590
30592
30592
30592
30594
30596
30599
30599
30604
30606
30610
30611
30613
30623
30624
30624
30625
30627
30633
30634
30634
30635
30643
30652
30652
30655
30656
30662
30667
30670
30670
30677
30678
30681
30684
30684
30692
30698
30701
30708
30708
30709
30711
30723
30737
30737
30738
30738
30743
30766
30767
30769
30769
30769
30771
30772
30777
30778
30779
30779
30782
30792
30795
30797
30797
30798
30799
30801
30802
30808
30819
30823
30827
30829
30832
30833
30835
30837
30838
30839
30839
30840
30861
30867
30871
30874
30876
30877
30877
30882
30883
30885
30888
30889
30894
30896
30896
30897
30897
30898
30899
30907
30911
30912
30915
30916
30926
30926
30929
30930
30933
30934
30936
30940
30951
30960
30964
30966
30966
30971
30971
30972
30974
30975
30980
30980
30980
30980
30982
30984
30985
30989
30990
30992
30998
31003
31005
31013
31017
31027
31030
31031
31033
31036
31037
31038
31038
31039
31040
31044
31046
31047
31049
31057
31063
31064
31069
31070
31070
31078
31084
31085
31103
31108
31113
31122
31122
31122
31125
31128
31133
31134
31136
31139
31140
31141
31148
31152
31152
31155
31157
31162
31170
31172
31173
31176
31180
31180
31184
31185
31189
31191
31193
31194
31194
31195
31201
31206
31207
31211
31215
31216
31217
31218
31223
31226
31236
31237
31238
31244
31251
31253
31259
31262
31263
31275
31278
31282
31294
31295
31295
31299
31302
31302
31302
31315
31321
31324
31325
31326
31329
31330
31333
31336
31338
31339
31340
31341
31348
31360
31372
31373
31375
31376
31379
31394
31398
31409
31418
31422
31428
31436
31446
31454
31459
31462
31463
31463
31465
31470
31478
31481
31483
31485
31504
31511
31516
31519
31524
31525
31527
31527
31533
31536
31541
31542
31545
31555
31562
31562
31566
31573
31577
31584
31596
31597
31598
31599
31602
31604
31613
31621
31631
31632
31634
31639
31642
31643
31646
31650
31656
31661
31661
31668
31671
31684
31685
31685
31689
31693
31693
31694
31696
31697
31698
31704
31705
31708
31708
31711
31711
31713
31715
31718
31720
31721
31728
31734
31736
31738
31741
31743
31745
31748
31748
31748
31749
31757
31758
31767
31770
31771
31779
31780
31783
31791
31798
31799
31800
31800
31801
31801
31802
31804
31805
31812
31815
31817
31824
31826
31827
31829
31834
31835
31835
31842
31843
31844
31845
31847
31849
31849
31851
31855
31859
31860
31868
31870
31872
31876
31882
31883
31884
31890
31895
31900
31902
31903
31903
31906
31914
31915
31927
31928
31930
31931
31932
31933
31933
31942
31946
31947
31948
31951
31951
31951
31952
31954
31961
31962
31965
31965
31969
31970
31974
31979
31979
31987
31992
31994
31994
31996
32000
32004
32006
32017
32019
32020
32024
32026
32034
32035
32038
32040
32041
32046
32050
32050
32054
32056
32058
32064
32076
32078
32082
32086
32088
32090
32090
32092
32094
32097
32098
32103
32106
32106
32110
32111
32113
32113
32121
32121
32130
32137
32139
32139
32139
32139
32144
32150
32152
32158
32160
32160
32164
32172
32173
32174
32180
32180
32186
32190
32190
32193
32195
32200
32205
32209
32217
32217
32217
32219
32225
32229
32232
32236
32241
32243
32245
32252
32253
32260
32266
32273
32273
32276
32280
32285
32287
32290
32292
32293
32297
32298
32301
32302
32307
32311
32313
32318
32323
32329
32336
32338
32340
32341
32346
32349
32358
32360
32362
32363
32368
32371
32373
32383
32387
32391
32393
32394
32399
32400
32401
32402
32407
32413
32414
32414
32414
32415
32417
32418
32429
32431
32433
32434
32440
32442
32445
32447
32448
32457
32458
32466
32469
32489
32490
32500
32501
32502
32504
32506
32506
32509
32512
32513
32515
32515
32516
32517
32520
32520
32522
32525
32531
32535
32535
32537
32541
32542
32544
32545
32547
32552
32553
32554
32559
32560
32561
32563
32564
32564
32568
32569
32570
32570
32578
32579
32582
32583
32585
32586
32587
32590
32591
32599
32604
32608
32608
32612
32616
32619
32625
32626
32626
32627
32631
32635
32636
32638
32639
32639
32641
32643
32647
32649
32651
32653
32653
32663
32663
32664
32665
32669
32678
32683
32684
32699
32703
32707
32708
32710
32713
32713
32718
32726
32731
32734
32735
32737
32749
32755
32757
32766
