1370034475
388282
2004517
4064768
5101630
8661797
11660735
11851074
14012925
17698070
19402298
20585458
21901230
23119667
25035587
27407533
30971168
32690354
33701088
34730967
38184114
46294968
47915019
53522965
57008019
57777568
59590783
61708173
63292709
69351378
70438569
75471432
77248656
77316925
80147118
83323629
84060856
86098100
87702883
89734050
93054223
97188567
101253951
102437297
104404169
109002064
113042993
116997577
117226552
118536894
124846906
124922500
126973013
127581160
127831085
130736401
132299806
132341658
133354778
134155488
134234484
136786531
137403678
138435764
139113867
139117956
139910251
141827912
142943979
145218933
148332228
150008478
150366301
152003992
152507303
153168826
154293468
158258123
158675543
158681487
160320515
161248445
162979940
166473292
166833438
169411084
169857850
170322997
170575409
171107769
175160050
177108572
177578818
183408919
185283222
191409453
197217953
198077054
200144568
200359567
200564834
203945577
208013532
208176533
213074112
213111315
214127827
215048429
216215837
216536986
218692519
219299102
221823036
228108451
228415508
234842890
236153368
238696783
240790454
242027129
242146923
242900546
243538833
245145261
245147176
251653911
252209749
254350240
255166859
255914074
256769648
257370488
258654962
259060619
262029904
262201184
263119621
263172424
265186193
266865888
267569121
279241320
279940998
282016244
283787912
285674006
287051118
287471305
293420004
293906529
293962753
294387583
296404825
306436277
311694128
315399540
321020207
321803801
322625605
322863497
324558879
325713797
327235620
337716215
338634733
341125173
342314441
343100406
345532146
351365178
351804616
354809064
356625326
357514731
362011791
362204440
362628858
366998970
367669664
370690247
372755481
374602545
377043584
380525180
382322954
388189613
391363644
391423579
393118396
393580880
395734186
399659611
404311736
407187017
408261572
409590170
410338398
410429081
410842581
411212538
412060906
413306652
414020097
415491336
415939420
419331138
420824938
421452622
425140819
425491272
427708393
427734429
430859162
431067193
431420250
433896770
434154263
434591738
440195857
440305887
441180294
442910815
444775430
446053363
447662058
452324979
453569408
455660914
458339434
458483543
463925170
463955610
470757039
475694774
477997293
479107544
480749886
481231420
482634881
484626144
484828057
488093305
491898297
493510610
494431097
497420505
497586226
498919919
500259025
503721932
506216544
507260201
510525530
516846261
517300842
521302388
522624359
522975294
523443405
528600040
531687455
531995680
533812537
534505819
536688671
536943305
542139199
542340432
543972703
544526585
545764712
550809579
552708738
554123692
554250247
557490835
557956552
560268833
560472827
565344318
566292755
569676035
570651607
571516131
573193455
575127766
575960201
577014342
577396553
579142699
579374964
582493059
582556045
582669903
582723564
583132832
585028394
586937309
589863003
591385351
594354822
594686397
595231343
600314513
600848669
607235963
608925765
611624912
615796212
617355310
618639364
620327767
620926188
621540323
624656815
626599209
627793242
629092261
629271543
629580614
629649824
633134619
636615478
638906211
645565367
646354882
647092669
647591422
649454663
649621706
651062288
655424947
662895301
665468601
667642838
672452008
673336171
678213490
679445493
682828053
683117153
683600152
686626879
690764905
691112506
695744659
701017545
701444669
701958730
703139672
703482970
705657521
707102715
717342374
720526517
721862591
721877292
722716311
725394404
729270435
730709373
730733446
733135479
733363777
737046864
737055650
739810848
740771911
740993749
741179081
744993491
747221554
747328319
748021901
754948720
755497370
756059536
756513327
759044762
761694775
763717844
765290021
765756741
768863091
770007297
771720840
776570891
779198920
780767421
782608553
785535928
786094777
793014334
796357965
797375057
799849988
799903843
801165241
801213968
801636456
802182997
803735565
811979961
812289845
814273690
814548626
818454827
819840889
822194401
822979881
824533373
826203986
833011989
833032283
833588032
835265621
835327335
837943483
842102325
847864700
850462577
850616105
861652869
862930210
866915148
868646414
871203690
871479033
877109587
877558306
878839246
879240968
879832132
880231736
881171615
881433677
884616752
886872198
887096286
887306608
892418342
894922737
895182842
900831814
900997770
901559029
903033965
905785148
907752019
907955777
909728754
922670749
922950655
925760066
925802911
926486056
927410281
934889787
940378603
941813275
942825560
943527834
943694182
947358262
950950243
952083832
953027511
954567146
955468863
958949845
964209389
966691191
969920215
970570309
972161174
973331572
973441137
975113023
979162171
983729416
984363391
987288959
988749892
988804430
990319715
990877260
991479288
991483272
991636684
994567635
994842021
995312971
995788842
996619243
999654462
999853094
1002184307
1008315593
1014106619
1014359350
1014486733
1016223200
1017253363
1024488831
1025372014
1028208409
1037046919
1039413244
1041308919
1044087843
1045158314
1048155123
1048748918
1050147901
1051955296
1053855106
1054694465
1056652863
1057400677
1059850491
1059865482
1060554297
1061684805
1062595975
1063014192
1068636289
1068821350
1072305091
1075510194
1078265148
1079077460
1081907083
1082912613
1083378884
1083434284
1084142162
1088716124
1090789731
1090892812
1099625426
1099749710
1101898849
1102168094
1104943376
1105511761
1109321826
1113090698
1114550882
1115406900
1117347669
1119574028
1120838813
1121566989
1122343771
1122684794
1123167175
1123595670
1125902557
1127688333
1127928722
1131982804
1134533301
1136730421
1137739403
1138549978
1138997945
1145220621
1149285499
1150817279
1151100014
1152285666
1154530338
1155122687
1156601636
1161196917
1166747297
1168691962
1174775066
1175314845
1175694229
1177343163
1177565151
1178332484
1179144376
1183710016
1187371137
1190987277
1192921593
1195800527
1196760381
1197507780
1200840149
1203366499
1205522915
1206814428
1207881924
1208147116
1208505417
1209050835
1215864318
1217501092
1221313682
1222790739
1226257089
1228558343
1230015330
1230073697
1231346163
1234316614
1235970040
1240365914
1241577498
1243916346
1245427002
1246235325
1249215062
1251124759
1254244055
1256272694
1265104216
1266355416
1271127543
1271430824
1272383712
1273464699
1279276759
1280177953
1280497401
1281344340
1281463457
1282745187
1286706612
1287297272
1295866785
1296587923
1297654466
1299653541
1300283880
1300925614
1302428777
1305096073
1305266502
1306232983
1306252907
1309719133
1309745760
1319935102
1321052080
1321274754
1321687443
1322160119
1325896408
1327472526
1329506357
1332175004
1332617155
1337645863
1345332437
1345910128
1347718650
1348796934
1348954018
1351170163
1351700370
1355583462
1356124080
1358579994
1358686720
1360415346
1362960846
1363421272
1368837891
1371207880
1373145573
1376851410
1377779689
1378192234
1387800434
1388293304
1390296399
1391864878
1393269932
1393588436
1396458792
1396894174
1404491463
1406250375
1408775114
1410023805
1415578535
1417698711
1417775207
1418092380
1418616710
1423485061
1425309127
1426228694
1429031039
1431158963
1438131529
1442432296
1442479028
1443061321
1444288133
1444522606
1449334317
1452988184
1455898546
1456869411
1458414109
1460048486
1466362611
1470853903
1480354861
1481575729
1481952534
1483202572
1485877435
1486266264
1486443197
1487847936
1489098364
1492765076
1494004461
1494131190
1495951067
1501691569
1502948726
1503733829
1505231727
1507027939
1511684330
1512920277
1513185008
1519228780
1528393854
1529047850
1532227548
1532736873
1533659538
1534806697
1535819860
1538492594
1542779258
1543536337
1544853457
1545827575
1547179635
1550258825
1553002338
1555358507
1558100774
1560964735
1563337222
1564214728
1568453867
1571714093
1574510062
1579944436
1580222449
1580300927
1580326852
1581510641
1582678079
1585188426
1587766896
1588802899
1590715597
1594800071
1597918596
1598000192
1602646474
1604747235
1606584264
1615867037
1616885257
1619333148
1621274961
1621753025
1623818589
1625018630
1626223681
1626236528
1628800862
1641476832
1643015948
1643499694
1645050921
1649612317
1653487492
1657097419
1658344052
1661426127
1673360707
1673885613
1682321995
1683865445
1685167160
1687269908
1687520189
1689088247
1690285347
1691030250
1693599400
1696940234
1700931946
1701749395
1703054152
1703862510
1705509066
1705667270
1709853185
1713916143
1717682771
1718529433
1718605222
1718762736
1718839392
1719515088
1720688758
1721245492
1721500725
1723158238
1728484714
1731990426
1733392467
1744241052
1744385136
1744517872
1745870942
1747216776
1753741973
1756209332
1757335090
1758025399
1762060787
1762768234
1763917741
1764269229
1770581651
1771688526
1771820680
1773291889
1774479170
1775402588
1776689591
1780013538
1781637101
1792181078
1792243268
1793589009
1795312660
1798122785
1799514797
1804942628
1806153668
1807163402
1807283307
1808879767
1811267753
1815312165
1816142546
1818076224
1818782028
1818890682
1821601753
1826237264
1828705027
1832276898
1833474619
1835756200
1836829582
1837052788
1837168790
1837239967
1839999792
1841297238
1841875445
1842025853
1842898089
1844166637
1845009346
1846290553
1847062778
1849882768
1864208606
1865140430
1867850437
1868368009
1868828390
1872174021
1886507139
1888619505
1892865181
1896568876
1898554813
1899058267
1901994928
1902640940
1903717285
1903891860
1907020266
1907148788
1909320787
1914933431
1918469846
1920524674
1927073459
1930079435
1931398698
1936274780
1940770630
1942125233
1945824953
1946586382
1949888162
1951855093
1952603671
1953875379
1957548259
1958050558
1959401064
1962055891
1965334059
1966050292
1970558580
1970889214
1975897900
1977518445
1977546252
1984008177
1984839705
1988315672
1988569775
1989095332
1991949563
1992645724
1996480320
1996784464
1998203756
1998853129
1999035026
2004140626
2004603030
2015102290
2017269273
2018124036
2021491083
2022070836
2023765427
2023925379
2024384127
2024993009
2026991052
2032912343
2033186053
2037818797
2039219127
2041075622
2041604565
2041781512
2049550914
2053199000
2053391383
2060179838
2063232097
2065036298
2069120372
2069461467
2070298038
2081548067
2088449166
2088538804
2090609376
2092678675
2098993858
2098998263
2099219856
2102620589
2105449422
2109263698
2110462001
2111789452
2112477183
2113095549
2118631212
2121448231
2122930994
2124252063
2125372171
2127038644
2130201743
2131087939
2132431403
2133012938
2136715793
2140093831
2141890062
2144970598
2146876525
