19996
2228
19959
185
31686
16345
18018
9007
16765
30369
23673
15062
20739
6108
4003
18954
24981
735
29357
17903
19219
18972
16403
27050
23649
16374
891
18897
28941
17875
31875
15391
2610
4466
7868
26477
28316
23679
21238
4061
5676
12900
23999
29529
25726
20579
3878
19004
30410
19425
8133
16462
2312
29445
24318
31222
13912
7042
5764
31147
6304
21425
18205
31148
2935
10723
8871
3569
5698
32245
26457
8801
16796
4389
76
10565
23548
18467
3898
3581
29073
21356
17285
16369
31601
12755
8827
27083
2547
16736
9432
10468
28249
21086
19852
22779
10163
28848
7615
18477
5888
22372
2579
26401
16021
17035
21801
18820
4291
4935
29542
2741
4532
31269
23543
27329
20630
7085
27410
14225
31739
25400
14719
22114
5504
30722
3416
374
2221
2176
18445
3593
10525
24564
30122
20103
23519
31294
24925
25852
28699
2549
21299
6604
27385
9398
23330
2724
19134
2492
19788
17840
1337
14001
21378
9487
17757
16068
14343
32388
11311
6140
19863
31598
6371
21196
6312
11514
15425
28647
7664
12439
31566
18517
31271
30890
25897
15303
9998
3459
16435
6440
4528
23184
29298
30068
26088
23505
18744
25805
13091
16268
25599
18892
20071
20546
18072
12053
5525
15073
22149
24366
30699
1339
18339
11921
26572
18615
15372
11263
6596
1351
6971
11032
13511
8346
25713
23849
22457
26002
88
27717
6196
6136
21990
19607
24197
28783
9861
14326
17143
5286
30065
1978
20565
24530
32353
24782
20394
3932
32617
26119
331
10198
23071
25780
26391
9780
20477
12151
1022
20793
24070
6995
13504
16175
31660
21253
1527
25563
16626
29848
11096
15024
14286
11572
31798
24899
23761
18231
6471
13823
4873
24198
8107
20250
3879
12070
3370
24007
32221
12806
14782
20910
27018
31775
2641
20633
8985
5055
16583
22128
12838
12322
3391
4455
4195
5955
17558
20086
13371
3569
24621
2570
11957
3621
10989
30970
24730
14227
16264
7612
2778
11903
15361
15833
15916
23762
20078
19358
28149
18797
32509
6164
10859
31165
23349
24883
17914
4496
26238
4179
27111
9511
29668
15587
24115
29068
19736
18269
2242
28454
19127
8313
26556
29322
16847
4258
2868
20372
27296
5030
20999
12983
9375
7345
28167
9361
15297
22140
29529
27586
4853
13250
30492
16639
22514
25588
331
2402
9268
45
21989
2820
12097
1128
22859
20430
30257
26865
5097
10892
31853
28697
6424
4675
2487
31790
21827
18373
2411
426
1865
31106
28420
27051
26915
22945
17377
30883
19399
23120
16970
3409
10828
1112
8622
19440
30798
7156
30766
2478
12180
2019
21856
3167
24816
11964
31308
29299
19559
16002
21179
22309
17554
4728
5042
1782
24900
11062
9017
22618
17774
27901
11616
31921
31807
6216
2692
23928
12687
12451
23247
22977
18813
17856
31486
30688
6999
21192
13927
24424
21435
10223
23098
12118
16892
4683
3591
1163
5319
13798
5504
17536
18951
19986
24449
53
22021
18428
1613
874
17876
27524
9499
25618
24812
1612
9937
9733
3605
19727
29199
18165
32647
26421
5743
18083
27215
22692
24331
32594
19700
15832
28224
25212
2395
3638
18098
28101
21992
22685
26000
27693
18918
11839
21018
22409
2345
12207
18016
28212
21233
28730
21836
20738
30738
9083
12770
15733
31826
18730
31687
14388
26387
19253
13568
15288
1842
16914
17661
16201
11822
21331
11478
10793
9869
24187
20692
1807
27003
27664
31539
3030
22453
4849
31782
18807
31141
18410
2844
6197
2766
19334
19778
5143
21611
10788
9545
15771
6995
589
12393
4777
9504
1349
5286
13254
6288
26080
1106
27018
15660
10647
6867
7764
24103
4059
30374
8252
21640
938
13476
16201
31884
19295
12420
7141
6725
27342
11938
14733
29064
27536
21246
10701
5382
32668
2440
25452
12473
12823
17307
6628
21378
6766
11975
10516
31760
17825
18643
26937
27907
18914
29954
32539
3153
14430
30358
31876
20969
24923
29843
25846
2455
7811
27333
27293
27688
6015
11268
30595
21454
13512
22967
22275
4038
13498
29847
4992
6967
5867
27318
23639
15198
20922
18111
2065
18664
1579
25727
1758
10399
9714
20132
22847
14153
16333
10693
24322
11469
26135
20643
4723
15000
25499
1455
977
26943
12966
24012
10495
31078
27232
18517
21884
19424
5723
22626
28309
5400
11373
13127
12249
24495
5307
18526
5070
8806
30743
13831
13538
27967
18572
32748
15012
29151
14390
31370
10036
27447
4695
4077
6392
10339
10920
16826
21649
16082
22253
3187
11022
10152
9932
4087
4191
19552
19935
8520
30220
18102
29704
10641
15911
22468
24581
30312
23167
23147
12356
24400
27670
13556
5624
25730
30421
3575
18028
10989
32127
18556
5783
31099
6628
2913
29938
7062
25943
22524
13702
19691
17761
29696
25673
4717
28855
10917
4522
9373
16490
10499
19819
20233
8542
31167
17327
26899
14845
25578
12372
19444
6188
12582
7298
27137
31614
7947
6788
27436
4008
32713
29655
29389
11062
19982
32129
29347
26236
14378
1700
12053
7886
26225
5459
22718
14836
224
26020
24361
15832
14340
24327
24793
4226
21784
29654
23693
29766
5486
7981
1986
5180
21776
29947
28280
13553
19622
30809
16441
23900
26266
11291
28248
3092
28539
4517
32631
19648
9631
2561
15435
16846
27661
19758
6564
30312
9369
27578
935
3235
30033
3731
28254
7162
32024
26906
20340
21500
15249
4473
25913
14145
12351
13110
28396
674
29930
20489
14906
5289
22340
747
10754
26951
13772
31088
6747
32197
9203
5974
17880
12541
6525
30814
4107
29642
12587
17498
22855
23997
14999
2440
16298
31250
9055
4382
29019
24802
31621
25126
29713
28826
6422
26252
1493
15275
7946
26230
31496
32387
27500
19923
15783
12733
12475
28727
20942
3220
16015
16102
891
2974
15743
9519
8597
20407
25155
32507
27181
26938
23574
23973
3075
25464
606
3852
24908
9314
1423
6887
18354
29833
10061
10841
14749
17225
15825
3526
3249
31552
1677
21732
31128
31493
3091
11541
20737
1559
9011
31220
488
16916
17251
23597
21784
5164
15973
6803
495
29396
6947
8556
98
32703
6110
3087
15424
32266
6023
27826
3515
30903
32365
18045
6948
11612
16921
28131
2038
3868
12406
17201
5398
30167
12854
31591
5721
19870
3184
27464
24903
23146
25998
2221
6431
25613
4454
5662
31771
24168
26791
11427
5620
25055
12151
6104
31657
2058
20314
14400
29821
173
26710
24539
13374
29419
32085
23803
2765
32438
16330
10067
11483
29322
16023
25425
31217
2395
31791
12206
25523
17612
12279
28995
23141
14241
14067
4382
25262
21623
30622
24789
14492
5298
15641
6426
9193
3000
19848
9872
24957
14941
16314
14557
17971
13981
21512
18433
32480
31633
21631
998
4498
30108
16449
25143
1045
7910
17960
15990
19388
16395
21165
16457
27229
10516
13576
31765
23710
30374
8089
462
15727
14201
1927
19982
17112
1548
10151
20836
30709
27287
10911
494
22591
6466
16459
11050
12300
24724
8799
28681
26202
23598
19534
13125
5064
16313
27243
23029
2789
19997
17486
7263
13741
20723
9850
22797
27729
9278
3901
7715
10551
10837
8919
23791
15938
15396
10974
31682
28499
27028
9440
14846
5648
7752
9291
6769
13028
32394
2954
18401
3910
4229
24689
10216
21823
1460
16347
4099
16422
14490
13457
20709
19119
12980
30062
3089
32292
20140
20161
1959
18161
19151
15091
29822
29286
24513
28266
23156
14777
12143
23212
7938
32330
8262
27848
23060
6955
30883
2802
27927
28640
20106
5485
4179
2147
8090
28334
19067
1644
9536
20158
1666
12270
14636
26080
15281
18149
24065
4724
23543
3663
16465
11803
31872
8312
17352
13852
27784
31355
28839
21254
11890
24838
21876
919
1812
605
12528
28381
5974
31138
30794
8603
13307
5971
3474
15086
28606
4884
14960
19504
2977
2735
17174
28701
16770
29273
9587
23860
7407
23095
22698
30560
22075
11552
8386
9432
25553
19621
19103
27204
13769
11854
25649
4641
20409
24103
17643
25446
13518
2683
31351
11112
23067
31968
28072
7931
4912
9331
21424
22234
11503
5477
16275
27465
10907
8631
26587
29432
22834
28481
29838
26923
11517
12025
26973
16152
7525
22898
30
7312
29448
5283
1916
5090
15372
9962
6637
19709
23219
6993
16613
27604
25136
31503
22602
13831
13754
16466
17959
15295
7646
26171
23204
2009
18457
14890
27702
6984
25766
21053
1043
14260
22165
19731
12009
15719
10781
16086
17871
8298
17715
28536
17276
14571
1627
20028
31158
29410
17855
15993
15118
8437
27774
8603
19659
30360
5702
17002
13604
28024
28965
1423
14770
6682
20380
851
8740
13247
8438
28331
4917
21388
17367
28018
5595
12007
26392
17909
7873
20772
27858
1460
10744
6241
953
1383
16106
31150
27308
28224
28815
20594
4746
9328
11747
15626
4678
15084
30359
22194
8510
21617
18438
13481
3016
5573
22124
4752
22030
3393
26194
5139
285
13196
23117
27596
9784
27049
18664
26980
23666
6196
11999
13052
7292
21480
4494
11723
5819
11109
9640
23048
12189
560
20012
9738
5678
7420
1941
31918
10470
17192
4946
4857
7365
6536
30581
14590
6819
6760
9903
12802
18113
20174
25724
22495
26275
11520
14747
3494
6434
16454
3265
17800
21693
32241
13198
7671
8240
27548
4032
23048
14664
31410
3239
14620
7669
15665
4313
29119
11169
22445
14374
21456
18624
21655
27086
21987
19624
15551
7922
4579
6563
6424
27977
29948
7491
16827
10772
9911
10998
7727
14676
27495
25818
15080
23866
1477
9939
22541
6623
23511
10202
21887
309
25366
17816
8214
31550
6095
11827
1070
24187
970
23656
2402
27816
6186
6618
15255
1958
24212
31657
1341
12985
17811
3399
32465
13299
3131
7559
22438
27120
4365
25079
15334
10692
2075
25712
23507
14642
23661
28395
30803
14623
16546
27030
6316
5189
13018
24360
19852
17964
30676
7025
9548
3670
20820
6197
13685
25530
29640
11322
23940
15477
32554
12448
9962
32187
32552
4209
26199
10259
13955
30329
568
5060
14773
3416
639
20874
7382
1493
19874
910
14528
22389
14054
17045
19314
28493
16861
25464
30642
16660
16173
12500
26615
28284
9876
27906
6277
30914
21033
12362
3290
12420
32485
30547
29769
22484
13921
30174
485
10890
1505
436
31648
16606
9874
10717
17588
54
31504
19987
26434
3644
1579
19063
24889
31284
16107
2946
14458
4237
26066
7741
6714
3253
16224
4277
2471
7474
22493
13993
25038
28143
13394
9863
11964
11475
5337
663
8675
15512
11286
25205
9664
2523
28678
28868
21691
13935
26615
4385
22351
3831
7128
8790
28010
32436
2227
12496
10007
30107
15992
11604
4186
29867
2812
31725
21595
13437
22081
28457
7111
6685
5112
900
10868
28184
28228
28453
68
2518
3521
22984
331
28458
8901
20732
26932
32296
5094
19598
3552
15671
30140
22341
13649
26471
12264
12239
711
13572
29524
30204
16168
4715
26045
14378
165
14620
9839
29953
30107
24337
4176
25952
22199
28750
23840
8854
17502
1722
3583
31958
4940
5165
15664
5605
19579
29386
15644
5142
25670
20367
10394
376
27854
9002
18541
11086
18333
11534
29198
5567
6793
9415
17325
22479
3035
5514
24946
29582
2481
6161
6152
32399
8353
24230
2140
11932
9631
18301
16546
7848
14113
26950
26266
24581
22913
19971
22289
11224
12962
20503
24234
18633
10454
19872
28638
30975
26879
9735
31298
1099
6133
13782
18184
12963
13096
17609
32457
19155
25735
6695
15490
26991
19872
11090
20956
17420
3592
6301
8368
11439
2301
27743
11722
27014
11850
20550
20717
13526
19051
11501
9752
31029
8690
26544
9224
7673
23593
12991
31742
30704
249
9073
9922
12882
3594
731
17128
17395
26412
3234
10322
17597
9718
4109
21750
14174
3244
10078
5857
6974
8294
31075
6012
23220
11887
14664
11279
27001
16620
22703
3971
10077
18110
8194
26988
23352
29353
8456
17991
23076
5557
14263
25855
12009
30932
3402
32183
21945
31174
20883
26051
24606
28474
7825
13559
5424
6198
14917
20517
25099
6840
10946
31969
11904
21918
20612
25223
27147
2499
31490
7296
25861
7787
11142
16832
18971
1249
31293
1427
19455
32606
20874
21914
23389
20269
29600
6416
30993
3597
32336
30034
30871
14039
24863
15263
18115
8544
31132
25628
2226
30113
18929
14875
9984
23061
32183
7580
6459
24931
12559
32276
1432
31549
11758
29294
2277
27784
5048
4688
15039
4797
7441
29855
16901
30351
30704
30533
3469
29134
25588
13362
1301
27787
2812
18336
18044
30077
18418
19356
17202
14755
20455
11458
20973
7979
29029
15432
2205
1939
24064
9022
29347
32014
12847
6931
30525
20265
12122
3932
1093
25262
23604
3281
20764
14536
32587
8600
19937
29033
10206
4807
4838
19689
14574
2852
25700
28912
10903
10031
7789
29845
30113
610
7459
30663
23891
10679
29992
18924
2951
5995
4181
25545
13060
7169
687
14498
11271
22667
11158
8866
16163
11813
30528
28285
4683
18114
21606
19027
27694
6955
12861
7128
16835
6724
6824
434
16932
21905
15532
1058
21663
22266
31524
14567
15626
971
21430
24159
23128
12543
12805
12784
13162
19646
808
1446
17959
16676
7516
22813
19663
29764
20469
31138
28044
2413
12187
28053
2123
18348
29362
12049
5833
18833
29210
31184
21233
23094
8729
12360
5989
9086
6037
7194
11867
4507
28039
3501
682
4051
7852
7958
26404
643
10110
7740
26663
8804
1122
25145
23407
7437
24611
4099
8750
7865
1695
4683
20831
10571
28608
18597
13399
23695
30382
12778
23965
5059
4419
5594
14843
31830
7104
29190
22997
2543
3262
11758
25786
27569
9575
23142
27449
26302
29157
62
2806
14841
11803
16929
6397
28433
25235
21950
18005
15547
19896
6182
29401
24126
27974
16757
8771
1077
15358
31669
18314
17040
30622
24831
23150
8157
784
9443
27472
10694
14562
27915
10568
13018
16886
7450
3698
7568
17531
6618
9864
22664
32539
18327
9142
28693
9334
18374
13737
22777
2768
14827
22250
22639
1030
953
1130
11631
29127
25722
4958
24365
27136
22449
6476
21731
32664
2814
6758
6864
862
27459
29208
30848
20800
3333
10717
15439
32189
29717
12886
24617
30621
32367
12957
27539
29151
30306
25047
14063
10739
4081
7944
29691
24105
21882
15148
8092
2154
18325
10627
16602
12582
13375
2604
6443
28301
2360
17141
10740
25602
9641
6770
13133
21964
28426
2380
4101
9487
11587
13788
4837
18427
29201
19960
18745
4676
4012
13069
18061
25042
25255
11374
23989
953
29463
5100
27408
25963
12535
12455
5133
26157
20427
13348
8173
23751
1412
3487
19915
9600
12452
1954
19418
19529
10658
25558
13295
10041
17296
26906
12607
30009
16379
6098
13161
21761
14867
30849
21175
10307
19723
14491
18848
14117
31171
2452
10130
10229
4005
30269
8431
7960
7373
8784
8278
6980
10604
10313
32035
25072
17006
2424
31545
4104
5978
25685
30719
8932
12154
25875
26792
3451
31293
9336
3512
11732
16089
26859
32707
14014
12084
32207
31096
25025
8709
5391
735
32084
14390
26362
25055
11088
29070
1106
29699
25509
29836
3743
21886
3916
3478
19145
31084
20349
10579
16870
5978
17697
20053
25681
4617
27786
23035
25340
15215
24930
1173
13063
6655
7905
28874
28561
4906
4163
18999
3534
7974
1402
14169
5977
27118
24608
8877
24268
1418
3247
7957
25231
4496
7156
27518
20973
31723
4289
22976
26733
16091
13795
7365
4959
16445
4179
16878
5557
13837
16817
22962
7700
13353
28397
5001
811
18263
32584
20744
6724
16778
18299
29773
23576
7009
30005
28061
19432
3825
20171
19532
21705
20420
6955
22237
4416
1057
17939
28267
12558
25486
5248
16712
29005
7828
32104
4323
23228
29634
31403
3823
14936
5621
26184
5569
2092
18390
14284
16378
12393
20643
13841
9063
29369
11827
28964
13093
19409
10292
6279
3337
7493
10424
409
13886
1953
32240
29266
2864
10933
26934
1075
26281
16432
8017
13181
17466
17521
7669
28322
25053
8601
31370
14841
9432
4325
3630
15285
17893
9787
8957
17432
2191
14850
1680
9700
479
9527
9667
29459
12856
957
5564
29127
30336
28917
11817
23940
5248
29327
6344
18589
26254
1440
31277
12780
27241
500
6080
8902
14180
18341
7941
26926
8135
27372
29216
16969
370
21048
7576
2323
2499
31357
23387
15695
28858
21967
18178
30404
28507
30767
10071
6310
30036
1701
28948
22867
25056
7311
26350
29248
17387
6968
31442
3122
25975
6060
21615
15281
9790
23243
8436
8633
27033
10141
4123
1204
7072
15333
8806
30117
4499
16121
11432
21926
18809
4816
13512
20372
19718
15197
3010
6665
15298
20507
18670
5514
16488
11242
2693
6914
30092
20249
8033
3695
32129
10180
32260
2524
20858
13408
11484
13455
3055
13460
32710
6787
12867
23626
20176
6169
16803
15623
2627
11786
817
22903
20449
20896
27490
5965
25963
3366
2212
842
15462
1181
17733
7066
25375
12976
144
5223
1773
29162
17209
19113
27574
9767
4859
22843
31924
6728
10623
1076
23161
26155
4736
28276
2609
28891
29997
19837
10792
25347
3278
3973
20364
7593
5291
10185
29043
2328
11049
29987
1311
20510
28727
30431
12161
23416
25320
17355
12285
8587
16993
30605
26733
7765
30198
2617
9832
1954
16528
17955
4548
4483
17234
20466
25689
22268
4988
29942
20232
15101
26511
13244
12285
21907
8114
13023
32304
16736
11604
6688
3634
23881
7699
441
5158
22126
19932
27631
1805
3679
1108
31975
18760
12685
375
25786
14935
4606
15743
12235
5607
6725
24584
29017
17420
27826
12913
31824
32459
710
4485
7781
28891
24809
8795
4449
12716
12895
20090
5821
17065
24953
19265
29040
29115
8
12423
12805
17678
5143
25214
2288
21527
7386
21213
4898
12758
25569
23870
21723
19544
28305
17092
22208
25985
9173
2306
6445
2312
31249
16408
20940
9155
16728
29727
10087
8229
24030
19912
24570
11269
1712
9791
13581
2976
23714
4694
16960
7650
28041
10463
16936
30177
30635
2137
3417
11691
372
24528
4036
22081
6507
32510
10308
10467
21092
12726
9843
23950
20470
27267
23234
19140
30511
140
27849
12939
6023
1210
27611
24760
8211
29213
19934
32365
13563
15756
20569
16097
14638
2188
28623
18783
8276
31604
26956
1170
7429
2766
31293
9983
32568
11263
21124
12499
22270
15659
27852
13023
12144
9299
16666
1761
30181
27072
1445
23813
24937
20901
29160
17067
28267
14592
14325
1643
17078
14785
10252
7510
3491
23086
12908
28031
14476
19334
15209
8635
31619
31716
30143
27300
10820
32615
14118
20708
19817
5264
31527
31920
23517
18411
2093
5778
10387
31474
27359
9580
22648
21038
15277
3514
29862
20127
25257
5655
27866
5726
19865
5379
7720
12417
19530
11235
12781
14399
1831
13129
26886
19285
17417
15478
10047
14247
27985
19485
21262
11307
3893
12906
23938
28931
16215
9283
1654
27369
8860
31182
12554
28112
1339
13875
23636
8904
14612
15523
5202
1315
11844
22169
28451
15062
31222
28511
27255
19490
16251
10453
15685
32371
12190
11630
29116
22152
4657
25467
23419
1492
3564
26028
15876
18212
8824
25811
14190
28291
2246
22252
17243
12378
28069
5979
27178
25564
14996
23668
28782
17569
24788
9792
6814
30609
23234
2686
22798
22276
22372
489
28701
18984
17474
6841
28848
11170
10615
13420
5344
888
3079
10438
21744
6190
19059
1559
18562
6959
10123
16060
10250
29807
30596
29160
642
29007
9034
12709
31584
23233
30231
27157
9413
13996
26949
19966
18935
14482
25185
27781
15889
9584
6016
21562
761
12005
3542
26453
23699
2455
26244
17727
9268
17107
28082
27989
28762
6515
8158
32488
25754
24069
6515
14984
15833
7721
9374
10370
28351
7995
22877
2215
24681
27698
985
28495
11102
31432
17653
13214
23749
11228
8487
4870
7125
11028
29063
11789
17292
29126
27429
16977
17572
28953
12448
17865
25539
10087
8692
18253
10226
9446
24212
14425
3408
17288
11705
1038
20487
5663
16633
6009
25472
21189
1307
16152
27091
15483
29994
32154
16258
20496
9160
16359
28518
14405
28357
4704
8937
19758
4336
15208
25206
8923
1581
24355
14894
27448
30152
4221
5853
12082
5897
29551
28460
8987
17417
21630
3352
6736
11971
22916
2978
24089
27758
12210
23752
27600
19211
23254
27573
24134
9530
2522
12085
1634
10321
5261
16491
30475
16559
1703
18886
2120
8270
23559
25137
5542
5016
21054
10378
31707
6268
29521
13142
6568
27584
15803
10419
22532
153
3506
4749
32118
5753
11179
17173
20675
24872
9248
23919
20169
30486
19601
22187
30635
31216
6601
759
30510
11633
11106
787
11363
28795
12427
9733
21639
19558
2569
4877
23847
3736
19836
20443
8583
8277
3556
30464
5957
4313
3427
12963
11834
1444
15429
20341
26529
1302
10557
31719
26747
20283
18161
1946
2866
14568
10937
14102
13436
15623
10404
32704
28546
14383
28861
16390
5442
632
4492
18397
817
23437
991
17773
9509
23810
9162
27146
22131
26344
15084
23399
24148
15007
32756
17670
2958
14316
12132
7667
13136
28747
8597
30386
5981
1159
507
25462
30572
135
2987
22164
20943
10603
28442
32566
5972
29144
17704
84
22121
2191
13149
5088
8579
13637
9586
28225
13504
30639
16403
30211
7883
7388
28899
9165
28928
16071
16321
7827
15056
25133
17738
26636
21607
9884
27294
11623
15501
15565
22119
4154
3530
5939
11032
31675
20174
2260
31347
23090
8719
18008
4686
16046
6324
32095
1686
22263
11442
30232
7316
14789
9781
29456
31599
25903
28737
17223
17907
358
8345
14985
400
15267
14048
1019
28326
19806
22270
757
13824
961
709
13839
3998
23388
5845
20607
18103
1050
3772
32162
16126
24948
21602
728
24357
23268
7845
13205
1183
4253
9024
27573
25771
18553
8177
1040
32398
10035
32475
30031
799
2518
6697
7422
21897
4981
25332
22754
2381
17181
28518
27788
390
9736
13344
25902
5489
31251
27866
28590
24108
21618
30793
21753
4542
8355
11078
4250
3928
2976
24364
13707
219
12121
16258
5450
13721
4705
6874
23856
6752
20456
15096
7679
29365
31721
2103
29114
14173
6052
31785
13241
15906
10831
10110
32508
3795
21001
20263
26304
2445
24847
25787
7504
16953
23346
24089
32030
13654
26505
12367
10258
14841
2659
29114
12578
21777
15231
26479
1059
20976
11392
474
32734
17415
21403
3237
30311
22001
3731
5595
1962
2484
29159
20558
2631
20035
6218
30006
30368
3655
1619
26906
2095
7198
30326
10228
2334
7972
8499
15504
31761
26162
21901
18229
6215
17253
30142
22407
19425
21793
11305
7596
14465
24661
27792
13998
24087
8192
5511
6176
26616
11764
17960
24325
20529
26842
15369
1517
19738
31606
19819
18017
15662
26924
21428
10625
1305
17347
6688
3052
5139
28266
9395
6368
621
4600
25458
163
32361
9848
9682
28193
31567
13797
25201
32726
22205
15410
9988
18414
26687
18573
17552
6059
12063
17381
3038
6664
4735
170
11817
412
26532
30676
5657
19904
12949
22310
19701
27380
21733
17588
16404
12927
7885
31651
31380
3414
30334
9776
10063
15935
2484
6387
28427
5942
15759
21349
1777
7696
20639
27041
833
25694
25405
15207
16963
5780
23074
7270
897
1643
20274
20923
32563
13443
1177
2229
4603
7501
3609
10971
20690
19752
9378
13104
6466
32714
22564
26805
29143
20194
5025
8752
20176
13307
10118
30508
3865
24996
20027
577
17790
14286
24313
6293
8729
22389
8924
6819
4108
6531
57
16955
23414
27889
28721
4554
29599
24623
29318
18652
7542
22982
29614
479
10814
17468
22822
23850
1668
12599
10249
23870
13652
14310
31201
22603
2988
4765
13245
8950
16433
16319
13188
22617
8993
10721
26504
25419
4745
6956
1118
11490
32440
3
19694
5175
4851
15590
8390
4969
22122
7063
17588
13797
22891
4987
6547
17380
17110
28994
13669
18229
20945
8651
4770
19772
10172
9281
18896
2619
28264
26507
2388
16848
11907
5859
16264
6335
27223
6596
11021
13298
20661
19210
17763
18622
7211
11093
15286
616
29309
4782
27131
24808
22611
9581
3132
29932
3376
4185
6704
7456
25507
20498
271
10413
27073
1964
12196
767
30162
10909
10404
19660
27467
32217
3902
1618
19453
13371
25075
12000
27019
10791
22440
32151
19233
1134
4858
6002
7011
13937
8145
26244
12964
13194
28472
30337
4441
20391
17772
31360
24269
4920
20018
24575
16406
1612
19310
4904
6983
14070
4594
22611
6887
32502
18580
24267
1442
19605
7555
28885
15935
29393
26075
25838
32722
17594
23414
13397
10803
28
27910
23241
12974
19294
21600
25492
3324
19114
26395
18376
8306
4175
21850
457
7545
27747
19174
31243
18238
24492
9856
12573
1451
13761
15221
19175
21397
2668
20850
24368
23863
15955
22170
13155
25311
7895
30678
16786
13287
17725
4972
12475
21991
28939
14804
8778
11305
25013
12487
30944
13149
29561
11416
31827
9614
904
13255
32502
6741
24422
24788
26650
30541
17299
30289
18388
17606
11627
31035
22529
15038
1099
17802
3720
6669
24053
20743
9439
9695
25142
4190
14545
20839
4550
12916
27262
30162
29807
9722
7075
9338
29297
7491
13339
26973
23846
1106
4006
4557
27362
7480
30954
19305
10781
13981
21943
12107
12244
12444
26767
3459
1324
17364
19302
3268
6233
16059
1958
29278
13502
11574
28534
9836
18005
7783
7228
18511
27730
31942
13920
26459
7939
11380
27220
13263
27899
25548
11985
15371
4975
29242
16483
2557
30176
26960
30247
13533
14586
23574
21459
15130
1213
10402
31992
14484
12762
32745
28036
19723
26208
8149
7051
18135
26007
29592
26183
26074
5932
3647
30301
19124
2447
13194
29537
26165
29594
25339
12957
32024
31091
6445
17166
5102
14515
15207
31408
22360
24520
24945
26876
21625
21656
29094
21166
5547
11878
17227
6859
30577
1786
15135
15587
18862
26364
5683
15507
4372
20898
22268
11855
31966
13195
2215
15710
25794
14570
19628
21286
25377
20198
26278
17322
24450
21569
14946
9041
7486
15672
28726
10729
8828
11947
13204
18155
2912
21630
16350
19201
7552
30527
12156
19141
12184
5385
16685
7884
14718
424
1946
9443
8280
20989
14129
9880
4876
5796
1584
2301
2808
10709
21248
10664
17636
5256
1221
3326
17972
20189
23091
16818
16994
24506
6819
7560
29868
8118
23910
14175
16906
9014
23385
17006
14179
4053
32441
11982
14336
24842
9529
13112
28737
24581
18514
9233
24719
21209
32731
15267
5265
9952
4825
14254
23203
6747
2712
28703
3972
10586
31739
19231
21070
16860
31504
12879
13484
822
27879
27986
15175
3257
11173
1421
17025
8079
12500
5930
7014
6118
14845
13155
29919
337
7033
14333
25897
19050
13700
16402
10118
23485
16275
4628
25139
5601
24040
12047
2201
31464
13667
26414
11719
1786
29083
6017
23328
31804
28973
29949
16209
9718
3156
2245
18823
22262
10682
16808
1246
10031
5518
16106
18460
13478
20183
14407
3487
27535
16136
10037
1940
6578
4052
5482
17514
20756
4931
13470
30598
24020
29190
9106
14905
21331
5128
1105
22767
29847
30533
18357
169
31730
26847
21038
24749
1502
21614
23999
5243
9004
7576
15689
27140
22110
14307
25868
22551
81
28870
23659
14620
31
8198
31983
7684
2627
12864
8847
19840
31486
16833
12591
17265
10234
12702
4966
17568
29998
32514
5764
23216
12545
15554
18388
19537
31666
27959
14110
26038
15863
11852
17008
9544
29412
27606
20254
8348
18703
3108
5128
13730
24306
19159
22811
23584
7824
13812
20507
11103
31836
312
27295
26661
7510
9132
20829
12002
10359
29561
24743
3630
18255
13308
20022
9587
6637
18973
23591
7143
8703
2781
15683
958
26938
22575
3715
32157
26364
9
2515
12369
26928
4538
22039
26817
1139
7550
6252
30241
20340
4688
10928
5737
28065
11775
6980
1798
11520
13188
23056
3535
15194
23443
14024
3642
13983
13168
5230
32464
7302
24068
30233
21214
23924
27440
18676
11374
5791
14689
3977
27253
14195
5477
21056
26446
5685
3197
31010
31591
14310
9395
29411
6203
20330
28525
19744
3968
14313
10819
8677
23201
28278
25102
32370
30318
20206
19521
10047
10003
6179
19069
23869
14406
31546
19551
2143
3525
14930
925
27481
6144
6759
7761
17576
274
11381
31636
210
9718
12768
3663
25071
12280
8211
25166
16488
25193
1895
30614
18687
28823
24903
26617
23567
28669
2451
2791
29205
15030
26433
2951
10608
22072
2122
9478
24933
12862
13508
31024
1638
21510
15691
13629
29588
16829
2214
30957
3458
16952
9384
13271
31292
17636
24147
27901
6792
1536
9540
10405
10347
17161
15947
24676
7919
4982
2393
16764
20260
14758
24223
9576
18021
23
18164
30900
27100
30424
4983
1042
27465
9537
6262
19371
31486
993
3983
30899
23342
21176
25877
320
14440
8102
29878
604
27487
4388
31066
88
2028
18738
13389
356
23894
29840
4001
13917
19408
23089
16334
9702
4931
32493
10396
3514
32590
12662
2371
28225
5260
4749
13264
29793
8981
28022
21450
13718
25159
29865
2070
29253
31174
14026
21528
21069
7105
24539
11291
20448
5239
6833
8435
17553
29434
9892
28384
19629
12083
30091
29622
29903
28967
26088
20539
26031
23928
27999
14545
571
2863
18285
14677
11241
1720
31830
28742
8523
1582
21599
1322
10980
13018
2878
24109
2618
11254
22479
22796
24364
9910
7176
2865
30598
20361
20783
19744
15571
20636
1098
5393
13426
8607
30424
25822
17900
1229
14270
20256
15237
21798
18564
22421
12561
2559
8897
12998
25865
5053
12756
10470
8158
30174
5333
8188
9613
16953
15564
4421
25972
22918
15136
28115
23652
5408
21586
13947
23799
15882
10986
19182
12836
30000
5810
13350
20496
28912
31779
28164
1831
13273
14365
29751
28012
8371
29659
5727
29197
4031
29989
22386
20283
18752
16071
23647
20024
2361
5443
11762
4530
28793
15299
20984
23119
1749
32081
32675
31113
12981
22090
29488
26300
18898
21008
9414
10877
7997
28928
26274
5166
12964
10916
11889
28111
25809
24617
3581
8727
21875
21267
7948
2244
20001
29743
26245
19759
24220
7881
29397
8995
3668
5152
14737
15855
18222
19223
30813
15802
23941
26669
7436
1815
22895
29103
30985
14554
25921
5165
17397
13353
1365
2858
12689
27350
32010
535
7903
26604
1293
387
6788
18055
14039
15500
19569
2793
20855
21145
194
4555
15250
22859
23014
2545
26280
17072
28161
11265
30616
29626
21390
9365
22631
7920
24905
25743
5949
14180
9548
19373
14000
4069
22392
24925
21317
31349
19222
4050
16948
31742
9150
5463
3436
26688
20856
8163
28887
31246
6178
18158
15583
15290
9746
22404
16945
21454
32252
9880
10945
2556
14357
23962
25614
6232
24184
30028
32423
7365
26825
21201
9966
16045
6937
15110
6940
23798
19466
4118
17029
22577
22068
3401
18974
19732
14535
29981
27196
21290
11121
26008
14750
5065
10626
18140
12718
19781
14414
2044
18436
5731
27858
7694
16684
30224
29851
31106
8361
9043
9700
26034
23097
385
23295
1721
10331
11440
7414
27017
11279
10861
24945
23096
14813
4786
24538
29851
30744
17682
16832
8982
12900
32311
12921
32690
1654
24974
4620
19312
19995
19265
20302
28638
27260
32358
11594
16103
21664
886
30694
25839
5938
19200
27588
16672
5509
26782
21863
6142
17365
31273
11159
21570
13520
3881
10502
18917
8276
9359
10547
12155
18299
2215
19599
16834
22997
15176
10207
17787
16372
7758
737
23416
28462
2633
27186
23287
10910
7031
6255
9774
21868
19184
31386
11559
14926
10273
21440
4814
27727
18043
17369
10313
9424
13164
13808
12935
17100
2191
