1370034475
484828057
691112506
999853094
315399540
80147118
1113090698
975113023
1487847936
1481575729
17698070
1604747235
430859162
306436277
1044087843
1841875445
1512920277
879832132
583132832
433896770
338634733
411212538
565344318
943527834
1798122785
158258123
1806153668
819840889
1705667270
11851074
881433677
1718762736
420824938
1792181078
990877260
1207881924
629271543
586937309
611624912
113042993
1582678079
940378603
1393269932
2032912343
410429081
516846261
133354778
1728484714
1481952534
973441137
1014106619
1560964735
887096286
1442479028
127581160
1295866785
646354882
1700931946
517300842
570651607
607235963
198077054
1358686720
835265621
1396894174
351365178
701017545
803735565
1999035026
1131982804
811979961
1535819860
2132431403
431420250
1621274961
717342374
116997577
1438131529
1057400677
1373145573
629649824
1804942628
506216544
1045158314
1781637101
87702883
414020097
822194401
1179144376
393580880
1776689591
2090609376
75471432
1442432296
1321687443
177108572
415491336
1918469846
1345910128
1209050835
2099219856
1177343163
1489098364
1449334317
2021491083
1580300927
690764905
1833474619
408261572
1230015330
1081907083
1580222449
618639364
1245427002
86098100
1418616710
59590783
862930210
101253951
1056652863
1363421272
1793589009
1653487492
542139199
1868368009
871479033
57777568
477997293
582723564
14012925
161248445
1643015948
245145261
1718839392
2110462001
362204440
1222790739
585028394
1203366499
97188567
1152285666
488093305
1155122687
1084142162
1068821350
560472827
32690354
1243916346
850462577
892418342
2069461467
1841297238
425491272
1355583462
391423579
1151100014
158675543
636615478
1241577498
1390296399
833588032
434154263
214127827
23119667
1764269229
1538492594
679445493
1177565151
744993491
1996480320
905785148
861652869
455660914
139117956
1083434284
1351170163
941813275
1429031039
1673360707
160320515
649454663
1104943376
200144568
446053363
1423485061
1305266502
835327335
1444522606
5101630
1297654466
343100406
1138997945
262201184
1507027939
1747216776
240790454
197217953
647092669
479107544
1719515088
1744517872
1280497401
747221554
1134533301
768863091
701444669
1503733829
374602545
1657097419
1836829582
263172424
2081548067
1892865181
2088538804
801636456
1733392467
995312971
1795312660
1230073697
739810848
638906211
1799514797
1689088247
1231346163
482634881
393118396
1492765076
1826237264
703139672
842102325
138435764
737055650
1322160119
124846906
615796212
409590170
2060179838
763717844
721862591
1072305091
2124252063
542340432
1792243268
251653911
887306608
458483543
988804430
579374964
1347718650
124922500
1744241052
1907020266
521302388
868646414
322625605
2039219127
925802911
1254244055
234842890
1431158963
1936274780
802182997
47915019
1226257089
1988315672
979162171
421452622
1992645724
169857850
150366301
780767421
440195857
1991949563
1585188426
136786531
118536894
325713797
1685167160
1388293304
1687269908
1196760381
200564834
833011989
1287297272
1008315593
152507303
142943979
1621753025
1988569775
1024488831
545764712
2004517
102437297
2041075622
608925765
1306232983
543972703
1703862510
2017269273
434591738
1332617155
1208505417
569676035
926486056
1393588436
560268833
582493059
145218933
1920524674
170575409
2118631212
797375057
1123167175
1502948726
2015102290
909728754
171107769
30971168
695744659
528600040
900831814
554123692
1075510194
2102620589
1564214728
83323629
725394404
533812537
1532227548
1356124080
2136715793
1246235325
984363391
34730967
1228558343
824533373
2133012938
440305887
70438569
109002064
1028208409
722716311
166473292
1271127543
1903891860
950950243
991636684
733363777
1299653541
507260201
1059850491
175160050
1122684794
258654962
342314441
1842898089
1542779258
1931398698
177578818
2063232097
1757335090
257370488
1102168094
1051955296
707102715
33701088
245147176
799903843
200359567
557490835
582556045
282016244
589863003
1753741973
1959401064
969920215
1703054152
1771820680
1266355416
185283222
1818076224
1984008177
2024384127
1305096073
1532736873
287051118
2041781512
1200840149
1109321826
372755481
132299806
575960201
900997770
345532146
191409453
703482970
1837239967
1279276759
894922737
925760066
1494131190
1306252907
1547179635
907955777
594354822
1120838813
686626879
1930079435
922950655
1037046919
1050147901
2098998263
356625326
1756209332
503721932
544526585
1406250375
1597918596
1337645863
748021901
208013532
354809064
238696783
463955610
351804616
740771911
1408775114
683117153
771720840
322863497
1645050921
1115406900
987288959
1377779689
296404825
1946586382
1808879767
990319715
964209389
1713916143
1683865445
256769648
1127928722
2121448231
1844166637
1249215062
701958730
4064768
994842021
1998203756
667642838
2131087939
1256272694
357514731
1717682771
1321052080
801165241
1770581651
215048429
285674006
1807283307
1079077460
134155488
1579944436
1078265148
1376851410
880231736
903033965
1286706612
1626236528
419331138
991483272
673336171
1835756200
1090892812
756513327
1568453867
627793242
1690285347
1903717285
1821601753
1300283880
600848669
755497370
2127038644
362011791
523443405
213111315
2122930994
1282745187
2065036298
620926188
293962753
1014359350
552708738
153168826
629092261
1452988184
279940998
2053199000
1161196917
259060619
1996784464
442910815
1166747297
1053855106
61708173
1041308919
672452008
1117347669
126973013
1773291889
1867850437
452324979
321803801
620327767
1720688758
2023765427
1837052788
1417698711
221823036
228108451
1319935102
93054223
242900546
1410023805
1951855093
1958050558
1138549978
536688671
293906529
651062288
154293468
169411084
431067193
786094777
27407533
1348796934
388282
1205522915
1558100774
183408919
629580614
410338398
1845009346
1309719133
484626144
2053391383
1443061321
934889787
1563337222
1868828390
972161174
2112477183
481231420
1300925614
287471305
1265104216
370690247
410842581
1039413244
1989095332
996619243
1762060787
1628800862
942825560
1598000192
117226552
1466362611
391363644
995788842
141827912
1114550882
1387800434
600314513
994567635
498919919
1588802899
2130201743
130736401
1345332437
1240365914
2069120372
1571714093
242027129
1513185008
1016223200
1864208606
89734050
826203986
216536986
595231343
2023925379
1555358507
1234316614
254350240
1302428777
665468601
341125173
127831085
1807163402
1486266264
1896568876
947358262
953027511
500259025
1495951067
1984839705
847864700
1519228780
1062595975
444775430
1909320787
782608553
1215864318
1839999792
801213968
983729416
730733446
886872198
683600152
1125902557
1544853457
1426228694
779198920
621540323
263119621
1693599400
1192921593
366998970
1533659538
741179081
2049550914
1762768234
2125372171
1121566989
522975294
1415578535
208176533
1378192234
970570309
1061684805
1017253363
2026991052
134234484
2033186053
1966050292
833032283
46294968
785535928
8661797
1458414109
1731990426
2070298038
1998853129
1942125233
382322954
1901994928
645565367
1745870942
1811267753
1136730421
1168691962
266865888
1396458792
425140819
1048155123
293420004
2111789452
1940770630
1914933431
1529047850
77316925
321020207
458339434
1952603671
1771688526
1351700370
1329506357
1691030250
1602646474
1088716124
733135479
1206814428
1197507780
1178332484
453569408
1145220621
1063014192
150008478
2004140626
878839246
850616105
1404491463
2105449422
380525180
1048748918
1137739403
1455898546
884616752
1619333148
531687455
1122343771
1221313682
1149285499
633134619
877558306
415939420
1101898849
311694128
759044762
1594800071
1485877435
2024993009
579142699
1332175004
19402298
213074112
550809579
139113867
1977518445
1970889214
11660735
480749886
1687520189
776570891
973331572
2041604565
367669664
1425309127
955468863
1327472526
754948720
1902640940
907752019
404311736
1060554297
682828053
38184114
1175314845
510525530
1501691569
1721245492
2004603030
1545827575
21901230
1949888162
624656815
1309745760
170322997
162979940
1150817279
255914074
1187371137
1127688333
1872174021
1456869411
236153368
2113095549
1580326852
1321274754
720526517
1849882768
1590715597
1281344340
447662058
1775402588
1505231727
1975897900
901559029
470757039
1846290553
1417775207
267569121
1587766896
1847062778
218692519
730709373
252209749
148332228
1235970040
1886507139
497586226
765756741
1362960846
1528393854
577396553
1550258825
1780013538
761694775
1183710016
1723158238
1818890682
69351378
1899058267
25035587
1721500725
242146923
626599209
491898297
1105511761
2141890062
152003992
2018124036
1828705027
927410281
582669903
571516131
591385351
958949845
1195800527
793014334
1460048486
954567146
1444288133
1581510641
740993749
1082912613
818454827
1842025853
814548626
2037818797
566292755
1543536337
747328319
1977546252
1348954018
216215837
2144970598
1358579994
1470853903
1962055891
219299102
395734186
228415508
1217501092
1553002338
999654462
53522965
577014342
1661426127
1945824953
837943483
756059536
991479288
1251124759
1865140430
594686397
770007297
1368837891
557956552
866915148
1511684330
1083378884
279241320
1280177953
1696940234
494431097
427734429
57008019
158681487
966691191
1888619505
1818782028
534505819
1701749395
63292709
1002184307
1156601636
1574510062
617355310
1483202572
1272383712
388189613
2022070836
1616885257
166833438
497420505
988749892
1816142546
77248656
573193455
362628858
1625018630
294387583
1832276898
2146876525
647591422
20585458
1953875379
881171615
327235620
1606584264
137403678
522624359
1763917741
877109587
493510610
1682321995
765290021
1296587923
662895301
324558879
1175694229
1271430824
1154530338
649621706
1957548259
1418092380
1718605222
2140093831
1705509066
922670749
2109263698
1480354861
1970558580
1119574028
1099625426
1360415346
377043584
1486443197
554250247
1281463457
943694182
1649612317
1643499694
412060906
407187017
575127766
1626223681
1273464699
203945577
1090789731
475694774
283787912
132341658
1709853185
104404169
1641476832
812289845
413306652
337716215
84060856
879240968
952083832
1898554813
1965334059
895182842
536943305
705657521
427708393
721877292
1837168790
796357965
1099749710
1758025399
441180294
255166859
1025372014
1658344052
1815312165
1371207880
1718529433
1208147116
1190987277
1123595670
799849988
1014486733
2098993858
1927073459
1391864878
814273690
729270435
1174775066
139910251
1054694465
2092678675
1907148788
1494004461
1615867037
1623818589
871203690
1744385136
822979881
737046864
399659611
265186193
463925170
1325896408
655424947
262029904
531995680
1673885613
1059865482
243538833
1534806697
2088449166
678213490
1068636289
1774479170
