3.85062e-07
3.75674e-05
8.80339e-05
0.000138693
0.000165694
0.000491389
0.0005253
0.000622531
0.000772005
0.000824597
0.000901227
0.00094216
0.00100839
0.00135516
0.00220929
0.00228397
0.00235801
0.00241985
0.00248728
0.00271116
0.00275409
0.00286844
0.0029294
0.00299963
0.00300326
0.00304976
0.00306522
0.00326175
0.00326682
0.00338242
0.00339356
0.00352033
0.00370969
0.00372321
0.00376611
0.00377577
0.00379196
0.00386934
0.00387547
0.00387699
0.00405465
0.00432697
0.00434009
0.00440566
0.00443886
0.00457209
0.00469731
0.00494655
0.00496777
0.00498692
0.00500748
0.00528682
0.00533749
0.00543676
0.00546138
0.00563248
0.00563272
0.00569661
0.00585221
0.00590812
0.00597218
0.00608271
0.00611736
0.00625276
0.00638983
0.0064146
0.0064846
0.00652076
0.00653871
0.00655034
0.00657836
0.00674484
0.00675769
0.00682745
0.0068698
0.00696201
0.00704004
0.00721866
0.00723528
0.00734404
0.00769676
0.00774947
0.00786411
0.0079246
0.00792706
0.00808484
0.00809139
0.00814071
0.00818013
0.00828001
0.00828599
0.00839684
0.00844567
0.00867698
0.00880727
0.00881223
0.00882531
0.0088653
0.00903221
0.00914334
0.00916323
0.00931142
0.00935218
0.00940898
0.00958527
0.00960481
0.00964336
0.00972669
0.00979294
0.00997997
0.0101958
0.0102742
0.0105305
0.0105581
0.0105724
0.0107783
0.0111439
0.0111979
0.0112148
0.0113501
0.0113838
0.0113963
0.0114572
0.0115013
0.011589
0.0116464
0.0119183
0.0121677
0.0122349
0.0122558
0.0122672
0.0123963
0.0126149
0.0127085
0.0127133
0.0129517
0.0129802
0.0130704
0.0131446
0.0131815
0.013341
0.0133504
0.013398
0.0134868
0.0136069
0.0136921
0.0137241
0.013835
0.0139078
0.013921
0.0139293
0.0139907
0.0140291
0.0141516
0.014279
0.0143806
0.0144259
0.0144311
0.0145829
0.0146897
0.014814
0.0149305
0.0152271
0.01524
0.0153618
0.0154057
0.0155312
0.0155444
0.0159575
0.0159583
0.0159972
0.016266
0.0163085
0.0164802
0.0165167
0.0165682
0.0167095
0.0168244
0.0168651
0.0169072
0.0169121
0.016919
0.016938
0.0171094
0.0172789
0.0177597
0.0177651
0.0177755
0.0177849
0.0177938
0.0178245
0.0180025
0.0180633
0.0183346
0.01847
0.018623
0.0186688
0.0186844
0.0187596
0.0189858
0.0191771
0.0192281
0.0192892
0.0193069
0.0193348
0.0195137
0.0195695
0.0196367
0.0197192
0.0198207
0.0198397
0.0198936
0.0199177
0.0199925
0.0200859
0.0201687
0.0204038
0.0205034
0.020541
0.0207
0.0208597
0.0209683
0.0210266
0.0210711
0.021101
0.0211054
0.0211974
0.021321
0.0213239
0.0214187
0.0214809
0.0216614
0.0217543
0.0217625
0.0220901
0.0224164
0.0224422
0.022501
0.0225165
0.0225815
0.0226158
0.0226413
0.0226488
0.0229124
0.023138
0.0231494
0.0231892
0.0232084
0.0235763
0.0236158
0.0236589
0.023681
0.0237534
0.023817
0.024098
0.0241082
0.0241087
0.0241994
0.0242173
0.0242639
0.0243122
0.0243476
0.0243564
0.0244897
0.0246621
0.0246644
0.0248385
0.0248441
0.025177
0.0251773
0.0255661
0.0256333
0.0257256
0.0258323
0.0259753
0.0259996
0.0260326
0.0260644
0.0260881
0.0261895
0.0262122
0.0263169
0.0263273
0.0263976
0.0264835
0.0265286
0.0266332
0.0268067
0.0268684
0.0269251
0.0272687
0.0273759
0.0274629
0.027508
0.0276315
0.0276434
0.0277143
0.0277991
0.0278971
0.027947
0.0279905
0.0280482
0.0280851
0.0281543
0.0283966
0.0284429
0.0285521
0.028565
0.0286328
0.0287302
0.0287323
0.0287391
0.0287815
0.0291172
0.029133
0.0294138
0.0296461
0.0297841
0.0298451
0.0301295
0.0301626
0.0302326
0.0303553
0.0303648
0.0305127
0.0306873
0.0308469
0.0308845
0.0311131
0.031229
0.0313036
0.031423
0.0315625
0.0316789
0.0317733
0.0318143
0.0318711
0.0319616
0.0320147
0.0320513
0.0322394
0.0324313
0.032505
0.0327605
0.0327763
0.0329387
0.0329654
0.0329902
0.0330978
0.0332033
0.0332325
0.0334618
0.033589
0.0336276
0.0336357
0.0336849
0.0338293
0.033893
0.0339488
0.0340369
0.0341188
0.0341292
0.0341447
0.0341928
0.0343563
0.0343829
0.0344796
0.034491
0.0346657
0.034714
0.0353607
0.035475
0.035491
0.0355667
0.0355718
0.0358007
0.0361782
0.0362734
0.0363037
0.0363247
0.0364562
0.0365694
0.0366026
0.0370316
0.0371211
0.0371579
0.0372773
0.0373447
0.0374357
0.0374813
0.0375605
0.0376266
0.0378435
0.0381771
0.0383206
0.0383397
0.0383433
0.0384303
0.0385026
0.0385457
0.038548
0.0386004
0.0386697
0.0388679
0.0390736
0.0392671
0.0394912
0.0394992
0.0395303
0.0395477
0.0395951
0.039656
0.0397201
0.0397207
0.039977
0.0403849
0.0404
0.0404739
0.0404967
0.0406037
0.0406047
0.0407862
0.0407969
0.0408613
0.0410653
0.0410983
0.0414042
0.04141
0.0414233
0.0415956
0.0418442
0.0418464
0.0421243
0.0423398
0.0424639
0.0425389
0.0425535
0.0425655
0.0425908
0.0427285
0.042853
0.0429134
0.0429706
0.0429846
0.0431022
0.0431165
0.0432046
0.0432676
0.043545
0.0436774
0.0437794
0.0438217
0.043843
0.043874
0.0439909
0.0440813
0.0441203
0.0441736
0.0443865
0.0444338
0.0445269
0.0446678
0.0448393
0.0449382
0.0451579
0.0453562
0.0455858
0.0455883
0.0457619
0.0459312
0.0459504
0.0462346
0.0462719
0.046345
0.0463661
0.046489
0.046645
0.0466847
0.0467471
0.0467791
0.046798
0.0468501
0.0468781
0.0469995
0.0470027
0.0470083
0.0470155
0.0470183
0.0470297
0.0470766
0.0472961
0.0474272
0.0476383
0.0476584
0.0477587
0.0478329
0.0478986
0.0479046
0.0479191
0.0480683
0.0481023
0.04858
0.048581
0.0487619
0.0488248
0.0490627
0.0492233
0.0493895
0.0496422
0.0496959
0.0496974
0.0497265
0.0498392
0.0498469
0.0501489
0.0502943
0.0504235
0.0505617
0.0507069
0.0507825
0.0509666
0.0510393
0.051244
0.0512555
0.0512851
0.051292
0.0514108
0.0514191
0.0514244
0.0516502
0.0518967
0.0520446
0.0523385
0.0524583
0.0524855
0.0526425
0.0527449
0.0530933
0.0533067
0.0536461
0.0537527
0.0537814
0.0538133
0.0540354
0.0541578
0.0541716
0.0543575
0.0544985
0.0545547
0.0546765
0.0547716
0.0549148
0.054921
0.0549287
0.0549521
0.0550696
0.0551437
0.0551785
0.0552106
0.0552129
0.0553197
0.0554272
0.0554456
0.0554686
0.0555232
0.0555667
0.0557133
0.055906
0.056013
0.0561063
0.0561987
0.0562526
0.0562979
0.0563177
0.056334
0.0563963
0.0565422
0.0567039
0.0567688
0.0567717
0.056805
0.0568467
0.0569628
0.0570697
0.0571181
0.0571564
0.0574177
0.0577685
0.057799
0.0578652
0.0578841
0.0581541
0.0582235
0.0585029
0.0586327
0.058666
0.0588611
0.0589143
0.0590309
0.0590396
0.0591725
0.0592222
0.0592651
0.0592927
0.0595285
0.0595518
0.0597086
0.0597222
0.0597571
0.0597581
0.0597903
0.0599252
0.0599799
0.0599915
0.0599946
0.0601961
0.0602037
0.0602593
0.06037
0.0605549
0.0607222
0.0607389
0.0608813
0.0610319
0.0610456
0.0612609
0.0612832
0.0613458
0.0614732
0.0614809
0.0614831
0.0615483
0.0617505
0.0617959
0.0618441
0.0619391
0.062254
0.0623939
0.0626979
0.0628308
0.0631115
0.06333
0.0633532
0.063365
0.0634935
0.063637
0.0636385
0.0637423
0.0639783
0.0639918
0.0642561
0.0643334
0.0643759
0.064423
0.0644716
0.0647259
0.0648302
0.0648906
0.0649114
0.0649319
0.0650611
0.0650653
0.0650827
0.0651987
0.0652096
0.065247
0.065306
0.0653732
0.0655195
0.0656796
0.0657475
0.0657692
0.0657846
0.0658374
0.065852
0.0659023
0.0659837
0.065994
0.0660223
0.0660344
0.0662695
0.0663422
0.0663548
0.0664086
0.066651
0.0667345
0.0667651
0.0668204
0.0668212
0.0668764
0.066891
0.0668969
0.0669031
0.0669915
0.0670327
0.0670818
0.0671665
0.0671764
0.0671894
0.0672489
0.0673228
0.0673665
0.0674261
0.0674877
0.0676765
0.0677146
0.0677626
0.0678014
0.0678872
0.0679332
0.0679819
0.0682911
0.0683875
0.0687494
0.0687587
0.0688734
0.0691268
0.0691715
0.0692301
0.0693175
0.0695102
0.0698854
0.0700634
0.0700983
0.0701218
0.0701476
0.0702516
0.070352
0.0704506
0.070573
0.0705751
0.070598
0.0707853
0.0708783
0.070936
0.0709894
0.0709974
0.0710694
0.071079
0.0713082
0.0714005
0.0714177
0.0715054
0.0715082
0.0715161
0.0716838
0.0718015
0.072082
0.0721271
0.0721869
0.0723911
0.0727304
0.0728038
0.0728162
0.0728727
0.0728798
0.0730573
0.0731653
0.0732887
0.0734699
0.0734989
0.0736507
0.0737103
0.0737831
0.0739082
0.0740525
0.0741689
0.0743464
0.0744925
0.0746046
0.0748398
0.0749105
0.0749511
0.074954
0.0749903
0.0750148
0.0750368
0.0750369
0.0751814
0.0751925
0.0752146
0.0752341
0.0752704
0.0757775
0.0758028
0.0761002
0.0761932
0.0761972
0.076257
0.0763391
0.0765873
0.0765958
0.076769
0.0767743
0.0768574
0.077066
0.0771204
0.0771255
0.0771654
0.0771782
0.0772596
0.0773059
0.0773199
0.0775331
0.0776134
0.0776448
0.0776895
0.077694
0.077719
0.0778549
0.0779662
0.0780017
0.0780083
0.0782161
0.0783231
0.0783273
0.0784789
0.0785715
0.0786534
0.0788225
0.0788653
0.0788727
0.079084
0.0791111
0.0791824
0.0792225
0.0793363
0.0794767
0.0795546
0.0796636
0.0797151
0.07973
0.0798284
0.079844
0.0798754
0.0799464
0.0800854
0.080094
0.0801944
0.0802521
0.080675
0.0808243
0.0808495
0.0810622
0.0810702
0.0811436
0.0812216
0.0812391
0.0812487
0.0813715
0.0815226
0.0817741
0.0820846
0.0821464
0.0821537
0.0821667
0.0822472
0.0822799
0.0823115
0.0823313
0.0824637
0.0825216
0.0825546
0.0826999
0.0829392
0.0829421
0.0829461
0.0829634
0.082982
0.0830824
0.0831023
0.0831727
0.0832527
0.0833157
0.0837252
0.0838392
0.0838664
0.0839876
0.0840327
0.0840364
0.0841595
0.0842223
0.0842308
0.0843402
0.0845356
0.0847075
0.08484
0.0849283
0.0850481
0.0850678
0.0850815
0.0851234
0.0855744
0.0856238
0.0856277
0.0856545
0.0856839
0.0857677
0.0857996
0.085875
0.0858953
0.0859386
0.0860193
0.0860611
0.0863384
0.0863866
0.086512
0.0865673
0.0865973
0.0867107
0.0867672
0.0867983
0.0868489
0.0868932
0.0869464
0.0870666
0.087218
0.087656
0.0878056
0.0880214
0.0880362
0.0881362
0.088149
0.0881543
0.0884365
0.0884629
0.0884724
0.0884788
0.0886255
0.0888375
0.088909
0.0889993
0.0890687
0.0895648
0.0897114
0.0897115
0.0897408
0.0897933
0.0902984
0.0905102
0.0905483
0.090797
0.0908198
0.0908463
0.0909312
0.0912277
0.0914125
0.0914766
0.0914818
0.0917255
0.091781
0.0920383
0.0920647
0.0920981
0.0921023
0.0921966
0.0922189
0.0922727
0.0923716
0.092405
0.0926575
0.0927968
0.092805
0.0928857
0.0930436
0.0931238
0.093169
0.0934149
0.0936694
0.093994
0.0942873
0.094465
0.0945224
0.0947415
0.0948107
0.0948687
0.0948731
0.0950145
0.0951164
0.0955527
0.0956494
0.0957844
0.0959515
0.0960461
0.0960901
0.096113
0.0962917
0.0963737
0.0965569
0.0965721
0.0967433
0.0969499
0.0969553
0.0971046
0.0971511
0.0973011
0.097354
0.0974161
0.0974419
0.0974774
0.0976632
0.097674
0.097871
0.0981705
0.0983979
0.0984076
0.0985848
0.0989542
0.0989872
0.0991056
0.099277
0.0992824
0.0994477
0.0994736
0.0995313
0.0996017
0.0996063
0.099648
0.0997282
0.0997867
0.100042
0.100045
0.100055
0.100104
0.100265
0.100324
0.100439
0.100485
0.100488
0.100634
0.100712
0.100766
0.100994
0.101184
0.101319
0.101334
0.1014
0.101442
0.101783
0.101861
0.101873
0.102015
0.102295
0.102832
0.102878
0.102928
0.103024
0.103214
0.103298
0.103392
0.103456
0.10348
0.103511
0.103682
0.103727
0.103786
0.103937
0.10403
0.104052
0.104323
0.1044
0.104478
0.104532
0.104534
0.104556
0.104886
0.10521
0.105223
0.105419
0.105617
0.105746
0.105752
0.105912
0.106158
0.106356
0.106408
0.106461
0.106513
0.106612
0.106705
0.106741
0.106755
0.106756
0.106788
0.106806
0.106943
0.10714
0.107153
0.107167
0.107253
0.107322
0.107348
0.107383
0.107446
0.107743
0.107761
0.107832
0.107866
0.10834
0.108437
0.108886
0.108919
0.108953
0.108982
0.109066
0.10907
0.109096
0.109138
0.109157
0.109158
0.10985
0.110047
0.110127
0.110229
0.110293
0.110393
0.110569
0.110726
0.110857
0.111206
0.111308
0.111324
0.111574
0.111628
0.111723
0.111932
0.111933
0.11199
0.112036
0.112213
0.112364
0.112513
0.112517
0.112598
0.11264
0.112825
0.112843
0.112858
0.112903
0.113015
0.113045
0.113324
0.11333
0.113424
0.113665
0.113719
0.11376
0.11417
0.1142
0.114215
0.114273
0.114277
0.114531
0.114639
0.114923
0.114946
0.114968
0.115035
0.115061
0.115384
0.115384
0.115485
0.115505
0.11585
0.115863
0.116011
0.116029
0.11614
0.116153
0.116192
0.116199
0.11624
0.116306
0.116402
0.11642
0.11664
0.116647
0.116682
0.116683
0.116691
0.116723
0.116773
0.116944
0.117068
0.117076
0.11708
0.1172
0.117246
0.117307
0.117663
0.117796
0.118038
0.11805
0.118067
0.118135
0.118137
0.118149
0.118229
0.118294
0.11836
0.118365
0.118476
0.118484
0.118502
0.118555
0.118625
0.118694
0.119137
0.119143
0.11924
0.119283
0.11951
0.119541
0.119665
0.119718
0.119791
0.119984
0.120023
0.120068
0.12007
0.120412
0.12043
0.120437
0.120656
0.12066
0.120784
0.120807
0.120944
0.121035
0.121328
0.121362
0.121426
0.121499
0.121648
0.121673
0.121727
0.121896
0.121934
0.121957
0.121965
0.121975
0.122131
0.122158
0.122297
0.122381
0.122437
0.122548
0.122858
0.122966
0.123111
0.12319
0.123232
0.123578
0.123977
0.124133
0.124137
0.124143
0.124309
0.124363
0.12442
0.124511
0.124588
0.124691
0.124746
0.125041
0.125308
0.125641
0.125773
0.125867
0.125992
0.12603
0.126108
0.126122
0.126124
0.126297
0.126334
0.126414
0.126418
0.126539
0.126833
0.126836
0.126902
0.127152
0.127314
0.127367
0.127411
0.127501
0.127678
0.127843
0.127999
0.128021
0.128131
0.128206
0.128224
0.1283
0.128308
0.128423
0.128489
0.128592
0.128988
0.129035
0.129047
0.129248
0.129272
0.1293
0.12954
0.129604
0.129648
0.129826
0.129934
0.13004
0.130243
0.130305
0.13042
0.130615
0.130638
0.130772
0.131001
0.131001
0.131133
0.131409
0.131515
0.131527
0.131547
0.13162
0.131742
0.131783
0.131784
0.131788
0.131789
0.131927
0.131937
0.131987
0.132099
0.132186
0.132204
0.132206
0.132233
0.132356
0.132522
0.132542
0.132647
0.132858
0.132973
0.132977
0.133021
0.133144
0.133345
0.13351
0.133557
0.133776
0.13399
0.13404
0.134132
0.134176
0.134186
0.134405
0.134456
0.134622
0.134631
0.134637
0.13466
0.134868
0.134899
0.135088
0.135493
0.1355
0.135532
0.135772
0.135985
0.136045
0.136051
0.136101
0.136141
0.136171
0.13619
0.136206
0.136211
0.136403
0.136517
0.136634
0.136642
0.136732
0.137193
0.137247
0.137309
0.137407
0.13784
0.138164
0.138276
0.138409
0.138496
0.138549
0.138596
0.138907
0.138932
0.139086
0.139154
0.139267
0.13969
0.139755
0.139794
0.140113
0.14018
0.140182
0.140224
0.140416
0.140604
0.140666
0.140984
0.141024
0.141063
0.141088
0.141353
0.141375
0.141603
0.141684
0.141687
0.141778
0.142082
0.14213
0.142136
0.142144
0.142281
0.142436
0.142523
0.142677
0.142743
0.142975
0.143063
0.143129
0.14314
0.143162
0.143418
0.14346
0.143571
0.143619
0.143696
0.143855
0.143913
0.144052
0.144057
0.144296
0.144915
0.144982
0.144985
0.145102
0.14514
0.145252
0.145286
0.145294
0.145299
0.145362
0.145429
0.145489
0.145763
0.145907
0.145917
0.146006
0.146066
0.146152
0.146221
0.146265
0.146409
0.146424
0.146494
0.146516
0.146543
0.146596
0.146755
0.146809
0.146992
0.147016
0.147071
0.14725
0.147344
0.147389
0.147437
0.147537
0.14765
0.147786
0.147956
0.1481
0.148349
0.148376
0.148401
0.148482
0.148561
0.148575
0.148583
0.148611
0.148738
0.148859
0.148964
0.149166
0.149728
0.149776
0.149785
0.149807
0.150012
0.150027
0.150058
0.150059
0.150106
0.150167
0.15046
0.150824
0.150876
0.15092
0.15108
0.151099
0.151124
0.151147
0.151226
0.151292
0.151316
0.151519
0.151846
0.152728
0.152759
0.152823
0.152864
0.152902
0.152958
0.15311
0.153116
0.153198
0.153316
0.153327
0.153421
0.153556
0.153562
0.153773
0.154051
0.15411
0.154128
0.154195
0.154389
0.154466
0.154472
0.154616
0.154763
0.154902
0.154936
0.155166
0.15517
0.155199
0.155262
0.155276
0.155358
0.155372
0.155464
0.155569
0.155739
0.155783
0.155787
0.155869
0.156071
0.156197
0.156246
0.156253
0.156369
0.156865
0.156904
0.156914
0.156945
0.157255
0.157417
0.157531
0.157684
0.157893
0.158043
0.158077
0.158287
0.158291
0.158336
0.158444
0.158948
0.158983
0.159196
0.159298
0.159344
0.159409
0.159544
0.159581
0.159615
0.159893
0.160005
0.160188
0.160375
0.160427
0.160455
0.160492
0.160566
0.160831
0.160864
0.161055
0.161163
0.161179
0.161252
0.161528
0.161647
0.161708
0.16175
0.161772
0.161842
0.1621
0.162128
0.162147
0.162187
0.162363
0.162549
0.162551
0.162587
0.162782
0.162907
0.162998
0.163034
0.163063
0.16311
0.163171
0.163236
0.163459
0.163487
0.163496
0.163524
0.163537
0.163727
0.164064
0.164072
0.16419
0.164287
0.164333
0.164507
0.164567
0.164847
0.164958
0.164968
0.164976
0.164995
0.164998
0.165006
0.165253
0.165278
0.165316
0.165365
0.165386
0.165419
0.165574
0.165695
0.16585
0.16592
0.165953
0.165998
0.166045
0.166224
0.166226
0.166249
0.166423
0.166615
0.166754
0.166835
0.166895
0.166898
0.166909
0.167005
0.167139
0.167444
0.167468
0.167493
0.167567
0.167744
0.167781
0.167808
0.167816
0.168186
0.168391
0.168544
0.168562
0.168718
0.168719
0.168757
0.168808
0.168921
0.168987
0.169073
0.169077
0.169237
0.169262
0.169301
0.169309
0.169443
0.169596
0.169699
0.169741
0.169973
0.170113
0.170207
0.170327
0.170473
0.17052
0.170537
0.170564
0.170589
0.170637
0.170765
0.171009
0.171038
0.171311
0.171406
0.171486
0.171506
0.171609
0.171634
0.172033
0.172067
0.172081
0.172091
0.172106
0.172401
0.172409
0.172496
0.172566
0.172645
0.172829
0.17299
0.173074
0.173082
0.173114
0.173154
0.173232
0.173244
0.173522
0.173702
0.173762
0.173766
0.173862
0.173972
0.174009
0.174123
0.174391
0.174457
0.174573
0.174939
0.175104
0.175187
0.175226
0.175242
0.175314
0.175329
0.175414
0.175586
0.17567
0.175702
0.175708
0.175717
0.175923
0.17596
0.176172
0.176191
0.176222
0.176445
0.176509
0.176513
0.176636
0.176932
0.176965
0.176973
0.176985
0.177177
0.177234
0.17728
0.177455
0.17753
0.17755
0.177667
0.177711
0.177955
0.178186
0.178351
0.178366
0.178421
0.178599
0.178639
0.178725
0.178883
0.178932
0.178962
0.178972
0.179172
0.179173
0.179223
0.179373
0.179391
0.179483
0.17955
0.179705
0.179815
0.179855
0.179911
0.179991
0.180046
0.180115
0.180284
0.180323
0.180425
0.180603
0.180606
0.180661
0.180661
0.180676
0.180679
0.180756
0.180944
0.181007
0.181384
0.181462
0.181513
0.181531
0.18175
0.181788
0.181866
0.182209
0.182291
0.182295
0.18233
0.182332
0.182407
0.182711
0.182793
0.183474
0.1836
0.18367
0.183749
0.183768
0.184057
0.184293
0.184434
0.184639
0.184708
0.184867
0.184893
0.184941
0.185028
0.185054
0.185149
0.185185
0.185211
0.185341
0.185385
0.185419
0.185419
0.1855
0.185503
0.185594
0.186026
0.186028
0.186181
0.186187
0.186425
0.186446
0.186575
0.186645
0.186693
0.186707
0.186839
0.187003
0.187059
0.187188
0.187334
0.187425
0.187531
0.187798
0.187819
0.187836
0.187992
0.188046
0.188047
0.188254
0.188324
0.188351
0.188405
0.188448
0.188526
0.188581
0.188719
0.188791
0.188904
0.189222
0.189534
0.189628
0.18968
0.189722
0.189773
0.189779
0.189846
0.189872
0.189873
0.189972
0.189996
0.190036
0.190066
0.190215
0.190239
0.190255
0.19046
0.190534
0.190729
0.190778
0.19086
0.190883
0.190967
0.19098
0.19101
0.19107
0.191271
0.191354
0.191384
0.191429
0.191465
0.191598
0.191631
0.191725
0.192008
0.192056
0.192102
0.192105
0.192226
0.192337
0.19244
0.192542
0.192678
0.193112
0.193208
0.193291
0.193292
0.193452
0.193472
0.193857
0.19391
0.193983
0.19402
0.194207
0.194373
0.194469
0.194698
0.194781
0.194839
0.19513
0.195146
0.195303
0.195475
0.195536
0.195626
0.195658
0.19568
0.195756
0.195848
0.195881
0.196018
0.196081
0.196102
0.196387
0.196501
0.196582
0.196601
0.196612
0.196825
0.196848
0.196953
0.196982
0.197077
0.197096
0.19713
0.197154
0.197428
0.19754
0.197959
0.198064
0.198065
0.198219
0.198253
0.198317
0.198318
0.19834
0.198485
0.19859
0.198814
0.198863
0.198914
0.19907
0.19943
0.199586
0.199609
0.199737
0.19986
0.199889
0.199911
0.19994
0.199961
0.199964
0.200112
0.200185
0.20031
0.200336
0.200506
0.200514
0.200524
0.200764
0.201073
0.201247
0.20137
0.201408
0.201527
0.201573
0.201782
0.202022
0.20203
0.202068
0.20223
0.202278
0.202314
0.202323
0.20248
0.202487
0.20252
0.202571
0.202578
0.202711
0.202831
0.202987
0.203106
0.20324
0.203402
0.203483
0.203636
0.203815
0.203823
0.203925
0.203997
0.204093
0.204169
0.204357
0.20437
0.204401
0.204406
0.204425
0.204572
0.204623
0.204704
0.20474
0.204945
0.204952
0.205056
0.205202
0.20523
0.205414
0.205546
0.205553
0.20569
0.205725
0.205833
0.205964
0.206053
0.206411
0.206434
0.206592
0.206737
0.206757
0.206816
0.20688
0.206897
0.207415
0.207445
0.207751
0.207769
0.207789
0.207924
0.208121
0.208157
0.208172
0.208299
0.208704
0.208936
0.208949
0.209045
0.209176
0.20919
0.209489
0.209573
0.209709
0.209984
0.210025
0.210246
0.210252
0.210264
0.210391
0.210428
0.210525
0.210626
0.210726
0.210877
0.211076
0.211107
0.211375
0.211509
0.211772
0.211853
0.211869
0.21194
0.212016
0.212128
0.212171
0.21233
0.212374
0.212385
0.212527
0.212571
0.212834
0.212835
0.213049
0.213267
0.213313
0.213322
0.213532
0.213676
0.213776
0.213893
0.213984
0.214003
0.214191
0.214233
0.2145
0.214625
0.214665
0.214747
0.214891
0.215094
0.215098
0.215261
0.215278
0.21532
0.215497
0.215551
0.215923
0.21599
0.216042
0.216267
0.21634
0.216516
0.21677
0.216776
0.216832
0.216952
0.217071
0.217127
0.217318
0.217323
0.217345
0.217405
0.217432
0.217463
0.21759
0.217714
0.218106
0.218113
0.218334
0.218678
0.218709
0.218793
0.218988
0.219012
0.219212
0.219258
0.21929
0.219299
0.219332
0.219515
0.219553
0.219585
0.21966
0.219684
0.219732
0.219822
0.219912
0.220003
0.220025
0.220055
0.220361
0.220663
0.2208
0.220865
0.220946
0.22097
0.221192
0.221342
0.221385
0.221443
0.221515
0.221532
0.221632
0.22168
0.22169
0.221826
0.221844
0.221941
0.222083
0.222095
0.222126
0.22226
0.222311
0.222354
0.222407
0.222424
0.222427
0.222571
0.222836
0.22284
0.222869
0.222967
0.223102
0.22317
0.223218
0.223378
0.223415
0.223451
0.223524
0.223565
0.223605
0.223676
0.223726
0.223838
0.224032
0.224033
0.224066
0.224135
0.224149
0.224159
0.224373
0.224525
0.22459
0.224615
0.224697
0.224773
0.224864
0.22494
0.224944
0.225024
0.22505
0.225071
0.225128
0.225162
0.22521
0.225316
0.225361
0.225411
0.225596
0.225606
0.225664
0.225705
0.225707
0.225707
0.225884
0.225932
0.225998
0.22602
0.226078
0.226309
0.226324
0.226398
0.226541
0.226812
0.226941
0.22697
0.227287
0.227416
0.227491
0.227715
0.227742
0.227852
0.227896
0.227905
0.227926
0.227936
0.227944
0.227982
0.228085
0.228103
0.228234
0.228375
0.228482
0.228497
0.228929
0.228955
0.229045
0.229217
0.229458
0.229466
0.22951
0.229591
0.229608
0.229665
0.229773
0.229854
0.22989
0.229966
0.230086
0.230224
0.230273
0.230273
0.230375
0.230565
0.230607
0.23071
0.230763
0.230903
0.231107
0.231372
0.231394
0.231398
0.231475
0.231492
0.231659
0.231729
0.231861
0.2319
0.231935
0.231948
0.232191
0.232235
0.23239
0.232457
0.232509
0.232695
0.232703
0.232776
0.232981
0.233098
0.233224
0.233536
0.233656
0.233855
0.233993
0.234007
0.234232
0.23431
0.234347
0.234368
0.234439
0.234442
0.234642
0.234706
0.234843
0.234975
0.235111
0.235259
0.235301
0.235311
0.235432
0.235614
0.235677
0.23589
0.235905
0.235916
0.236101
0.236204
0.236261
0.236373
0.236558
0.236562
0.23659
0.236786
0.236981
0.237106
0.237159
0.237271
0.237398
0.237436
0.237438
0.237551
0.237684
0.237797
0.2378
0.237819
0.237921
0.237998
0.238548
0.238559
0.238589
0.238683
0.238736
0.238817
0.238966
0.239095
0.239117
0.239121
0.23916
0.239275
0.239276
0.239544
0.239569
0.239644
0.239656
0.239779
0.239857
0.239917
0.239939
0.240013
0.240188
0.240274
0.240287
0.240383
0.240458
0.240603
0.240652
0.240966
0.241014
0.241083
0.241878
0.241913
0.241999
0.242024
0.242393
0.242688
0.242756
0.242784
0.242787
0.243174
0.243277
0.2433
0.243309
0.243328
0.243479
0.243647
0.243647
0.243648
0.243706
0.243772
0.243888
0.243939
0.24404
0.244246
0.244515
0.244525
0.2446
0.244714
0.244741
0.244939
0.245057
0.24507
0.2451
0.245241
0.246032
0.246136
0.246192
0.246251
0.246265
0.246562
0.246583
0.246719
0.246887
0.246896
0.24696
0.247099
0.247156
0.247541
0.247563
0.247611
0.247672
0.247676
0.247863
0.247908
0.247978
0.248399
0.248476
0.248483
0.248576
0.248652
0.248655
0.248658
0.248733
0.249124
0.249166
0.249204
0.249403
0.249411
0.249539
0.24966
0.249774
0.249915
0.249998
0.250098
0.250156
0.250254
0.250299
0.250343
0.25036
0.250548
0.250611
0.25066
0.250743
0.250747
0.250754
0.250926
0.251331
0.251334
0.251469
0.251645
0.251762
0.251918
0.251955
0.252019
0.252107
0.25211
0.252158
0.25219
0.252197
0.252204
0.252729
0.252831
0.25288
0.25289
0.253001
0.253179
0.25319
0.253398
0.253434
0.253574
0.253623
0.253643
0.253643
0.253706
0.253764
0.253788
0.25386
0.25432
0.254325
0.254409
0.254645
0.254687
0.254699
0.254869
0.254874
0.254875
0.254938
0.254941
0.254998
0.25507
0.255093
0.255093
0.255148
0.255392
0.255475
0.255568
0.255585
0.255615
0.255692
0.255799
0.255872
0.256183
0.256253
0.256283
0.256322
0.256414
0.256622
0.256738
0.256739
0.256898
0.257022
0.25703
0.257036
0.257103
0.257251
0.257402
0.25744
0.257466
0.257469
0.257565
0.257623
0.257652
0.257655
0.257688
0.257698
0.257822
0.258063
0.258098
0.258123
0.258288
0.25832
0.258582
0.258648
0.258678
0.25871
0.258734
0.258741
0.258744
0.25882
0.259111
0.259195
0.259259
0.259579
0.259635
0.259747
0.259839
0.25998
0.260095
0.260163
0.260239
0.260301
0.260305
0.260413
0.260463
0.260702
0.261012
0.261067
0.261115
0.261135
0.261314
0.261739
0.261774
0.261803
0.261929
0.262255
0.262937
0.263352
0.263402
0.263559
0.263673
0.26378
0.263798
0.263799
0.263968
0.264077
0.264163
0.264283
0.264601
0.264686
0.264929
0.26498
0.265008
0.265157
0.265243
0.265517
0.265769
0.265847
0.265853
0.26605
0.266266
0.266301
0.266384
0.266558
0.266571
0.266614
0.266722
0.267011
0.267099
0.267324
0.267331
0.267362
0.26738
0.267519
0.267548
0.267572
0.267585
0.267681
0.2678
0.267842
0.267938
0.267944
0.268155
0.268165
0.268194
0.268356
0.268695
0.26876
0.268815
0.268815
0.268828
0.268871
0.268944
0.269004
0.269062
0.269183
0.269186
0.2694
0.269415
0.269602
0.269715
0.269922
0.269932
0.270183
0.270465
0.270557
0.270562
0.270738
0.270748
0.270804
0.270886
0.270954
0.271181
0.271464
0.271524
0.271669
0.271741
0.271768
0.271775
0.271811
0.271945
0.271968
0.272004
0.27201
0.272117
0.27227
0.272283
0.272296
0.272307
0.272416
0.272545
0.272569
0.272719
0.272903
0.273022
0.27305
0.273139
0.273178
0.273374
0.27339
0.273516
0.273697
0.273752
0.273792
0.27381
0.273868
0.273881
0.273998
0.27415
0.274251
0.274394
0.27455
0.274633
0.274658
0.274722
0.274982
0.275019
0.275092
0.275194
0.275307
0.275388
0.275405
0.275446
0.275464
0.275584
0.275728
0.275788
0.275959
0.276229
0.276434
0.27646
0.276641
0.276675
0.276679
0.276786
0.276838
0.276863
0.276954
0.276964
0.277026
0.277043
0.277092
0.277094
0.277453
0.277648
0.27773
0.27785
0.278085
0.278309
0.278375
0.278578
0.278601
0.278752
0.278783
0.278939
0.279308
0.279319
0.279358
0.279532
0.279545
0.279557
0.279626
0.279631
0.279653
0.279653
0.279853
0.279906
0.280123
0.280261
0.280569
0.280591
0.280759
0.280773
0.280781
0.280786
0.280851
0.281031
0.281051
0.281068
0.28114
0.281152
0.281155
0.281242
0.281284
0.281747
0.282184
0.282212
0.282292
0.282428
0.282585
0.282626
0.282631
0.282632
0.282632
0.282806
0.282927
0.283117
0.283132
0.283232
0.283317
0.283353
0.283432
0.283461
0.283649
0.283711
0.28374
0.283885
0.283917
0.283971
0.284125
0.284155
0.284196
0.284411
0.284542
0.284544
0.284608
0.284662
0.284739
0.284837
0.284875
0.285029
0.285351
0.28602
0.286387
0.286425
0.286528
0.286531
0.286624
0.286757
0.286808
0.286828
0.286878
0.287014
0.287216
0.287242
0.287338
0.287717
0.287726
0.287738
0.287791
0.287846
0.28787
0.287945
0.287992
0.288071
0.288171
0.288174
0.288375
0.288909
0.28895
0.289018
0.289098
0.289183
0.289306
0.289433
0.289773
0.289985
0.290013
0.290036
0.290144
0.290184
0.290264
0.290271
0.290299
0.29036
0.290551
0.290575
0.290579
0.290719
0.290729
0.290774
0.290969
0.29104
0.291135
0.291281
0.291302
0.291325
0.29134
0.291378
0.291415
0.29144
0.291458
0.291521
0.291682
0.291946
0.29195
0.291962
0.291976
0.292001
0.292053
0.292117
0.292167
0.292197
0.292219
0.292262
0.292405
0.292481
0.292626
0.292766
0.292771
0.292796
0.292823
0.292903
0.293013
0.29312
0.29317
0.293313
0.293369
0.293503
0.293514
0.293601
0.293706
0.293863
0.294026
0.294067
0.294158
0.294196
0.294308
0.294367
0.294436
0.294567
0.294614
0.294791
0.294987
0.295454
0.295471
0.29552
0.295597
0.295602
0.295633
0.295659
0.295687
0.296284
0.296336
0.296403
0.296411
0.296569
0.29694
0.297025
0.297204
0.297311
0.297458
0.297638
0.297745
0.297835
0.297858
0.297883
0.298145
0.298207
0.2983
0.298492
0.298568
0.298577
0.298695
0.298807
0.298839
0.298902
0.299061
0.299149
0.299163
0.299429
0.299444
0.29949
0.299582
0.299696
0.29973
0.299776
0.29978
0.299865
0.299967
0.300057
0.300157
0.300233
0.300318
0.300332
0.300421
0.300467
0.300576
0.300721
0.300851
0.300916
0.300918
0.300933
0.301184
0.301228
0.301238
0.301482
0.301495
0.301646
0.302065
0.302255
0.302259
0.302371
0.302452
0.302505
0.302571
0.302621
0.302651
0.302833
0.303099
0.303175
0.303214
0.303244
0.303388
0.303517
0.303674
0.3037
0.303936
0.304003
0.304203
0.30423
0.304512
0.304609
0.304659
0.304753
0.30479
0.304794
0.30502
0.305052
0.305167
0.305335
0.305483
0.305856
0.305869
0.305878
0.305917
0.306234
0.306357
0.306453
0.306768
0.306782
0.306939
0.307172
0.307332
0.307359
0.307401
0.307519
0.307646
0.307703
0.307733
0.307761
0.307896
0.30821
0.308315
0.308335
0.308417
0.308497
0.308746
0.308954
0.309046
0.309074
0.309452
0.309743
0.30979
0.31008
0.310107
0.310122
0.310363
0.310896
0.311092
0.31113
0.311297
0.311417
0.311425
0.311461
0.311577
0.311604
0.311613
0.311683
0.311691
0.311736
0.311786
0.311833
0.311841
0.311846
0.311878
0.311914
0.311921
0.311924
0.311953
0.311962
0.312004
0.312095
0.312128
0.312277
0.312296
0.312312
0.312371
0.312382
0.312388
0.312428
0.31246
0.31247
0.312589
0.31264
0.312727
0.313014
0.313015
0.313116
0.313132
0.313179
0.31318
0.31334
0.313348
0.313407
0.313429
0.313441
0.313619
0.313735
0.313804
0.313925
0.313984
0.314137
0.314277
0.314293
0.314387
0.314604
0.314736
0.314757
0.314831
0.314872
0.314955
0.314959
0.315132
0.315144
0.315166
0.315216
0.31548
0.315528
0.315539
0.315545
0.315767
0.316005
0.31619
0.316205
0.316298
0.31634
0.31642
0.31644
0.316561
0.316771
0.316831
0.316903
0.316936
0.317041
0.317053
0.317172
0.317174
0.31718
0.317205
0.317276
0.317548
0.317567
0.31794
0.318121
0.3182
0.318301
0.318439
0.318568
0.31858
0.318836
0.318917
0.318983
0.318998
0.319112
0.319214
0.319234
0.319246
0.319246
0.319329
0.31948
0.319487
0.319548
0.319575
0.320027
0.320149
0.320262
0.32044
0.320444
0.320446
0.320553
0.32078
0.32086
0.320994
0.321042
0.321198
0.321301
0.321522
0.321586
0.321691
0.321874
0.321931
0.321946
0.321986
0.322045
0.322058
0.322241
0.322297
0.322372
0.322473
0.322551
0.322574
0.322704
0.322716
0.322849
0.32297
0.322985
0.323094
0.323124
0.323176
0.323243
0.323365
0.32351
0.32366
0.323676
0.323727
0.323776
0.323823
0.32393
0.323963
0.323994
0.324126
0.324232
0.324306
0.324346
0.324346
0.324444
0.324523
0.324609
0.324625
0.32479
0.32492
0.324971
0.325076
0.325122
0.325895
0.326104
0.32616
0.326431
0.326535
0.326552
0.326678
0.326855
0.327368
0.327451
0.32762
0.327714
0.32787
0.327878
0.327967
0.328003
0.328045
0.328232
0.32828
0.328299
0.328427
0.328684
0.328747
0.328917
0.328941
0.328956
0.328986
0.329046
0.329084
0.329261
0.329372
0.329426
0.329653
0.329914
0.330156
0.330176
0.330204
0.330261
0.330373
0.33038
0.330384
0.330466
0.330472
0.330543
0.330572
0.330684
0.330765
0.330771
0.330847
0.330897
0.330947
0.330957
0.330958
0.331038
0.331072
0.331472
0.331519
0.331717
0.331748
0.331793
0.332014
0.332085
0.33211
0.332113
0.332122
0.332268
0.332391
0.33243
0.332461
0.332501
0.332546
0.332706
0.332809
0.33281
0.33302
0.333044
0.333107
0.33313
0.333207
0.333349
0.333372
0.3336
0.333779
0.33379
0.333834
0.333835
0.333841
0.333873
0.333876
0.334049
0.33414
0.334146
0.334345
0.334458
0.334469
0.334506
0.335084
0.335095
0.335248
0.335341
0.335516
0.335566
0.335687
0.335853
0.335871
0.335976
0.335983
0.335987
0.336144
0.33615
0.336358
0.33637
0.336446
0.336477
0.33649
0.33659
0.336645
0.336758
0.337453
0.337618
0.337782
0.337959
0.338122
0.338493
0.33852
0.338531
0.338608
0.338663
0.338668
0.338954
0.339172
0.33933
0.339452
0.339598
0.339598
0.339893
0.339895
0.33992
0.340009
0.3402
0.340209
0.340211
0.340255
0.340339
0.340524
0.340621
0.340634
0.340861
0.340901
0.3411
0.341127
0.34132
0.341921
0.341985
0.342012
0.342069
0.342348
0.342431
0.342571
0.34264
0.342649
0.342758
0.342778
0.342881
0.342999
0.343244
0.343342
0.343464
0.343756
0.343935
0.34395
0.344201
0.344213
0.344306
0.344357
0.344439
0.344567
0.344586
0.344798
0.344851
0.344905
0.344955
0.345149
0.345181
0.345236
0.345578
0.345642
0.345698
0.345738
0.346023
0.346195
0.346323
0.346465
0.346475
0.346516
0.346703
0.346718
0.346749
0.346763
0.346855
0.346908
0.346964
0.347057
0.347058
0.347059
0.347095
0.347653
0.348139
0.348194
0.348228
0.348317
0.348317
0.348545
0.348587
0.348798
0.34892
0.348963
0.349285
0.349364
0.349461
0.349557
0.349569
0.349837
0.349961
0.350322
0.350386
0.350478
0.350577
0.3509
0.350982
0.351088
0.351126
0.351139
0.351191
0.351328
0.351689
0.351746
0.351748
0.351811
0.35188
0.351881
0.352095
0.352443
0.352491
0.352553
0.352575
0.352854
0.352931
0.353053
0.353262
0.35335
0.353417
0.353493
0.353568
0.353581
0.353858
0.353884
0.353966
0.354125
0.354331
0.354446
0.354627
0.354725
0.354774
0.354801
0.354819
0.354843
0.354848
0.35491
0.35497
0.354979
0.354984
0.355046
0.355057
0.355098
0.355131
0.355252
0.355349
0.355402
0.355418
0.355495
0.355624
0.35566
0.355743
0.355822
0.355877
0.356111
0.356314
0.356376
0.356657
0.356842
0.356869
0.356983
0.357081
0.357224
0.357392
0.357429
0.357464
0.357578
0.357757
0.357776
0.357886
0.35792
0.358028
0.358115
0.358179
0.358182
0.358312
0.358428
0.358697
0.358806
0.359031
0.359038
0.359083
0.359131
0.359151
0.359241
0.359257
0.359283
0.359451
0.359625
0.359627
0.359632
0.359926
0.360013
0.360183
0.360292
0.360305
0.360533
0.360659
0.361034
0.36111
0.361116
0.361175
0.361384
0.361454
0.361793
0.361876
0.362143
0.362499
0.362553
0.362556
0.362588
0.362592
0.36262
0.362669
0.362765
0.362907
0.363016
0.363266
0.363392
0.363434
0.363519
0.363706
0.363774
0.363778
0.36383
0.363971
0.364019
0.364066
0.364298
0.364326
0.36438
0.364462
0.365139
0.365298
0.365524
0.365629
0.366124
0.366271
0.366458
0.366475
0.366747
0.366842
0.366943
0.367112
0.367148
0.367152
0.367201
0.367217
0.367473
0.36748
0.367657
0.367669
0.367714
0.36775
0.36786
0.367917
0.368043
0.368059
0.368119
0.368154
0.36819
0.368402
0.368465
0.368781
0.368955
0.369346
0.369475
0.369481
0.36976
0.369817
0.370161
0.370184
0.370189
0.370236
0.370337
0.370379
0.370402
0.370487
0.370537
0.370602
0.370605
0.370885
0.370906
0.37091
0.370916
0.370951
0.370992
0.371
0.371273
0.371331
0.371413
0.371433
0.371484
0.37168
0.371808
0.371963
0.371998
0.372051
0.372069
0.372112
0.372174
0.372306
0.372391
0.372508
0.372533
0.37261
0.372885
0.373107
0.373208
0.37333
0.373338
0.373492
0.373536
0.373623
0.373652
0.373665
0.373755
0.373852
0.374052
0.374085
0.374156
0.374205
0.374436
0.374779
0.374844
0.374918
0.374935
0.374939
0.374942
0.375025
0.375052
0.375164
0.375184
0.375221
0.375267
0.375464
0.375634
0.375748
0.375759
0.375874
0.375938
0.375969
0.376169
0.376191
0.376225
0.376285
0.376347
0.37639
0.376406
0.376414
0.376466
0.376623
0.376631
0.376734
0.37675
0.376757
0.376796
0.377015
0.377047
0.377229
0.377229
0.377332
0.377753
0.377768
0.377843
0.37785
0.377871
0.377882
0.377975
0.37801
0.378098
0.378098
0.378143
0.378317
0.378755
0.378756
0.378763
0.378877
0.379044
0.379098
0.37915
0.379154
0.37918
0.379295
0.379514
0.379547
0.379687
0.379751
0.379765
0.379803
0.37985
0.380312
0.380448
0.380494
0.38072
0.380723
0.380838
0.380939
0.380991
0.381084
0.381103
0.381181
0.381313
0.381698
0.38185
0.381955
0.381995
0.382088
0.382094
0.382121
0.382134
0.382338
0.382412
0.382424
0.38247
0.382564
0.382571
0.38264
0.382647
0.382798
0.382892
0.382895
0.383125
0.383237
0.383355
0.383423
0.383457
0.383575
0.383652
0.383781
0.38386
0.383862
0.38398
0.384003
0.38425
0.384424
0.384583
0.384647
0.384704
0.384746
0.384856
0.384945
0.385106
0.385286
0.385391
0.385411
0.385594
0.385754
0.385829
0.385909
0.385959
0.386056
0.386194
0.3864
0.386499
0.386589
0.386654
0.386754
0.386798
0.386817
0.386858
0.386956
0.387029
0.387242
0.387261
0.387544
0.387824
0.387916
0.38812
0.388268
0.388293
0.388361
0.388391
0.388429
0.388509
0.388521
0.388794
0.388828
0.389035
0.389135
0.389147
0.389153
0.389177
0.389278
0.389792
0.389873
0.389913
0.389954
0.389968
0.390031
0.390198
0.390347
0.390435
0.390537
0.390897
0.391108
0.391213
0.391232
0.391285
0.391324
0.391469
0.391729
0.391872
0.391916
0.392222
0.392355
0.392725
0.392827
0.392867
0.393075
0.393159
0.393373
0.393447
0.393498
0.393661
0.393727
0.393773
0.394075
0.394144
0.394169
0.394179
0.394211
0.394476
0.394677
0.394755
0.394815
0.394906
0.394907
0.394986
0.395398
0.395596
0.395849
0.396085
0.39611
0.396235
0.396263
0.396283
0.396297
0.396485
0.396594
0.396645
0.396652
0.396753
0.396791
0.396886
0.396906
0.396927
0.397252
0.397267
0.397309
0.39741
0.397506
0.397574
0.397603
0.397902
0.398061
0.39837
0.398381
0.398444
0.398454
0.398478
0.398775
0.398785
0.398856
0.398872
0.399006
0.399087
0.399111
0.399282
0.399302
0.399337
0.39959
0.399609
0.399668
0.399771
0.399807
0.400055
0.400069
0.400241
0.400302
0.400363
0.400363
0.400426
0.400465
0.400479
0.400644
0.400738
0.400858
0.400979
0.401098
0.401113
0.40115
0.401167
0.401209
0.401328
0.401432
0.401444
0.4015
0.40161
0.401626
0.401787
0.402106
0.402289
0.40238
0.402533
0.402578
0.402921
0.403012
0.4032
0.403308
0.403343
0.403348
0.403379
0.403385
0.403483
0.403547
0.403811
0.403948
0.404025
0.404029
0.404075
0.404096
0.404148
0.404295
0.404296
0.404559
0.404608
0.404832
0.404856
0.404897
0.404915
0.404931
0.405268
0.405345
0.405457
0.405646
0.405655
0.405993
0.406353
0.406359
0.406366
0.406542
0.406599
0.406805
0.406852
0.407021
0.407149
0.407176
0.407181
0.407264
0.407321
0.407437
0.407595
0.407674
0.407876
0.407921
0.408044
0.408114
0.408285
0.408388
0.408574
0.408617
0.408631
0.408735
0.408841
0.409067
0.409293
0.409427
0.40947
0.409538
0.409541
0.409853
0.409917
0.409957
0.409991
0.410138
0.410399
0.410682
0.410917
0.41092
0.41127
0.411487
0.41164
0.411672
0.411824
0.411833
0.411881
0.41189
0.412183
0.412521
0.41258
0.412694
0.41271
0.412751
0.412943
0.41296
0.413094
0.413136
0.41319
0.413197
0.41322
0.413305
0.413397
0.413404
0.413583
0.413749
0.413809
0.413834
0.413886
0.413891
0.413949
0.414006
0.414045
0.414067
0.414136
0.414177
0.414195
0.4143
0.414397
0.41451
0.414635
0.414657
0.414756
0.414803
0.414812
0.414899
0.415163
0.415243
0.415247
0.415361
0.415369
0.415651
0.41589
0.41602
0.416204
0.416321
0.416395
0.416397
0.416422
0.416587
0.416608
0.416692
0.4167
0.416828
0.416958
0.416977
0.417118
0.4173
0.417336
0.41746
0.417569
0.417814
0.417937
0.418207
0.418255
0.418265
0.41835
0.418357
0.418425
0.418569
0.418667
0.418702
0.419076
0.419293
0.419407
0.4196
0.419604
0.419743
0.419747
0.420078
0.420446
0.420459
0.420601
0.420775
0.420817
0.420848
0.420874
0.421037
0.421239
0.42126
0.42128
0.421288
0.421324
0.421424
0.421683
0.421847
0.421864
0.422014
0.422144
0.422164
0.422174
0.422203
0.422344
0.422468
0.422618
0.422654
0.42267
0.422672
0.422816
0.423014
0.423036
0.42318
0.423206
0.423465
0.423518
0.423542
0.423613
0.423687
0.423902
0.423957
0.424062
0.424187
0.424277
0.424435
0.424472
0.42448
0.424553
0.424585
0.424593
0.424715
0.424767
0.424974
0.425182
0.425331
0.425416
0.425444
0.425571
0.425588
0.425683
0.426
0.426077
0.426126
0.426217
0.426339
0.426445
0.426583
0.426593
0.426616
0.426751
0.426881
0.426895
0.426943
0.427126
0.427152
0.427174
0.427199
0.427472
0.427484
0.427495
0.427578
0.427703
0.427781
0.427817
0.42784
0.427898
0.428005
0.428047
0.428074
0.428135
0.42818
0.428306
0.428465
0.428523
0.428738
0.428747
0.428878
0.4289
0.428999
0.42911
0.42921
0.429227
0.429274
0.429311
0.429335
0.4294
0.429442
0.42945
0.429535
0.429605
0.429856
0.429905
0.429951
0.430099
0.430197
0.430302
0.430333
0.430462
0.430762
0.430811
0.430882
0.431244
0.431262
0.43149
0.431544
0.431723
0.431806
0.431884
0.431919
0.432241
0.43238
0.432392
0.432526
0.43255
0.432636
0.432645
0.432713
0.432778
0.432836
0.432948
0.432959
0.433115
0.433128
0.433201
0.433238
0.433268
0.433532
0.43356
0.43357
0.433824
0.433891
0.433982
0.43414
0.434313
0.434418
0.43446
0.434486
0.434648
0.434653
0.434846
0.434971
0.435045
0.435506
0.435526
0.435632
0.435658
0.435707
0.43574
0.435763
0.435769
0.43581
0.43591
0.435935
0.435949
0.435954
0.436002
0.436158
0.436231
0.436421
0.43644
0.436551
0.436918
0.436982
0.437049
0.43715
0.437562
0.437721
0.437801
0.437813
0.437836
0.437855
0.437894
0.437981
0.438076
0.43809
0.438105
0.438124
0.438362
0.438419
0.438846
0.438864
0.43894
0.439025
0.439081
0.439315
0.439548
0.4396
0.4396
0.439711
0.439941
0.439973
0.440022
0.44004
0.440069
0.440089
0.440136
0.440217
0.440424
0.440678
0.440974
0.441077
0.441261
0.441514
0.441728
0.44178
0.44199
0.442161
0.442166
0.442404
0.442409
0.442728
0.442807
0.442853
0.442913
0.44304
0.443318
0.443555
0.443658
0.443711
0.443715
0.44386
0.443889
0.44391
0.444064
0.444142
0.44417
0.444329
0.444356
0.444422
0.44454
0.444609
0.444619
0.44462
0.444637
0.444659
0.444734
0.444801
0.444884
0.444961
0.44499
0.445024
0.445184
0.445261
0.445366
0.445448
0.445479
0.44589
0.445933
0.445971
0.446196
0.4462
0.446232
0.446302
0.446367
0.446384
0.446484
0.446645
0.446874
0.446885
0.446984
0.447146
0.447355
0.447448
0.44757
0.447704
0.448056
0.448077
0.448198
0.448257
0.448329
0.448474
0.448504
0.448619
0.448642
0.448664
0.448743
0.448822
0.448895
0.449048
0.449097
0.449104
0.449131
0.449223
0.449467
0.449793
0.449823
0.44987
0.44992
0.449933
0.449999
0.450014
0.450111
0.450264
0.450473
0.45059
0.450635
0.450673
0.450712
0.450714
0.450743
0.450958
0.451225
0.451227
0.451337
0.45142
0.451438
0.451565
0.451709
0.451749
0.451948
0.452036
0.452136
0.45215
0.45218
0.452185
0.452335
0.452343
0.452343
0.45268
0.452763
0.452817
0.452846
0.452871
0.452874
0.453208
0.453211
0.453242
0.453456
0.45352
0.453525
0.453636
0.453658
0.453688
0.45374
0.453981
0.454057
0.454153
0.454185
0.454346
0.454641
0.454707
0.454874
0.454957
0.455166
0.455213
0.455409
0.455423
0.455711
0.455807
0.456041
0.456072
0.456196
0.456462
0.456557
0.456657
0.456693
0.456805
0.456916
0.457004
0.457191
0.457227
0.457249
0.457296
0.457588
0.457657
0.457669
0.458001
0.458056
0.458059
0.458513
0.458564
0.458655
0.458732
0.458776
0.458894
0.459012
0.459066
0.459085
0.459142
0.459143
0.459336
0.459449
0.459709
0.459796
0.459842
0.459905
0.459924
0.460233
0.460345
0.460376
0.460442
0.460515
0.46058
0.460651
0.460705
0.460819
0.460838
0.460841
0.460868
0.460868
0.461186
0.461191
0.46131
0.461347
0.461474
0.461479
0.461672
0.461732
0.461812
0.461831
0.462027
0.462045
0.462133
0.46215
0.462201
0.46228
0.462536
0.462701
0.462837
0.462919
0.46296
0.463035
0.463149
0.46322
0.463225
0.463256
0.463291
0.463322
0.463357
0.463363
0.463399
0.463504
0.4638
0.463839
0.463877
0.463894
0.464131
0.4643
0.464375
0.464383
0.46446
0.464575
0.464797
0.46485
0.465246
0.465406
0.465624
0.465675
0.465884
0.465886
0.465892
0.465976
0.466085
0.466133
0.466274
0.4663
0.466471
0.466506
0.466542
0.466559
0.466569
0.466645
0.466651
0.466716
0.466726
0.466746
0.466778
0.466831
0.466992
0.467101
0.467195
0.467197
0.467223
0.467258
0.467362
0.467477
0.467669
0.467678
0.467792
0.46781
0.468011
0.468014
0.468052
0.46812
0.468122
0.468157
0.468364
0.468536
0.46868
0.468821
0.468828
0.468852
0.468917
0.468997
0.469125
0.469225
0.469261
0.469349
0.469621
0.46966
0.469902
0.470059
0.470107
0.470281
0.470308
0.470333
0.470404
0.470417
0.470534
0.470601
0.47069
0.470997
0.471003
0.471146
0.471515
0.47177
0.471874
0.471923
0.472044
0.472101
0.472131
0.472313
0.472413
0.472475
0.472509
0.472589
0.472603
0.472729
0.472863
0.472905
0.472941
0.472963
0.473051
0.473086
0.47321
0.47323
0.473673
0.47377
0.473826
0.473836
0.473861
0.47416
0.474165
0.474194
0.47422
0.474223
0.474479
0.474518
0.474913
0.474925
0.47529
0.475358
0.475384
0.475677
0.475828
0.476295
0.476295
0.476655
0.477081
0.477212
0.477273
0.477284
0.477456
0.477516
0.477586
0.47767
0.477696
0.47774
0.477781
0.47783
0.477964
0.47805
0.478299
0.478405
0.478469
0.478686
0.478853
0.479049
0.479211
0.479213
0.479303
0.479326
0.479338
0.479455
0.47955
0.479553
0.4797
0.479868
0.480004
0.480451
0.48051
0.48056
0.480568
0.480604
0.48071
0.480741
0.480851
0.480874
0.480991
0.481233
0.481247
0.481261
0.48128
0.481414
0.481503
0.48176
0.481855
0.48189
0.481977
0.482028
0.482389
0.482415
0.482497
0.482638
0.48273
0.482773
0.482945
0.483037
0.4832
0.483221
0.483269
0.483584
0.483799
0.483823
0.483834
0.48387
0.484031
0.484033
0.48404
0.484182
0.4842
0.48426
0.484289
0.484431
0.484448
0.484472
0.484476
0.484511
0.484551
0.484773
0.485033
0.485247
0.485456
0.485492
0.485561
0.485577
0.485703
0.485978
0.486032
0.486061
0.486131
0.48615
0.486261
0.486382
0.486493
0.486555
0.486644
0.486774
0.486906
0.486962
0.487254
0.487302
0.487341
0.487421
0.48748
0.487507
0.487521
0.487749
0.488231
0.488366
0.488459
0.488665
0.48896
0.489302
0.489321
0.489338
0.489435
0.489499
0.489527
0.489639
0.489639
0.489668
0.489712
0.489809
0.489827
0.489902
0.489934
0.489985
0.489991
0.490037
0.490067
0.490245
0.490268
0.490301
0.490405
0.490411
0.490546
0.490904
0.491385
0.491393
0.491429
0.491433
0.491645
0.49171
0.491847
0.491875
0.491896
0.491917
0.492106
0.49216
0.492214
0.492513
0.492602
0.492797
0.493015
0.493042
0.493113
0.493184
0.493272
0.493275
0.493371
0.493669
0.493675
0.493951
0.494044
0.494074
0.494251
0.494302
0.494353
0.494386
0.494397
0.494451
0.494591
0.494656
0.494692
0.494953
0.495052
0.495074
0.495102
0.495112
0.495116
0.495209
0.49533
0.495374
0.495741
0.4959
0.495906
0.495943
0.496032
0.496084
0.496278
0.496396
0.496421
0.496494
0.496519
0.496551
0.49662
0.496773
0.496778
0.496891
0.496967
0.49698
0.497054
0.497147
0.497248
0.497273
0.497359
0.497645
0.497763
0.497832
0.498052
0.498204
0.498221
0.49838
0.498404
0.49847
0.498591
0.498716
0.498756
0.498825
0.498891
0.499115
0.49913
0.499133
0.499142
0.499216
0.499248
0.499352
0.499496
0.499506
0.499585
0.499728
0.499766
0.499817
0.499833
0.500229
0.500508
0.50051
0.500512
0.500689
0.500781
0.500786
0.500874
0.50093
0.500985
0.501023
0.501029
0.501091
0.501123
0.50134
0.501343
0.501465
0.501595
0.501609
0.501688
0.501774
0.501848
0.501889
0.50197
0.502034
0.502099
0.502351
0.502405
0.502442
0.502515
0.502524
0.502597
0.502644
0.502771
0.502813
0.502861
0.502882
0.502887
0.502904
0.503011
0.503089
0.503137
0.503281
0.503329
0.5034
0.503575
0.503637
0.503744
0.50387
0.503922
0.504028
0.504079
0.504353
0.504372
0.504443
0.504554
0.504901
0.504975
0.505151
0.505426
0.505487
0.505519
0.505631
0.50578
0.505962
0.506165
0.506573
0.506759
0.506924
0.507042
0.507224
0.507244
0.507296
0.50745
0.507565
0.507756
0.507829
0.507982
0.508005
0.508022
0.508049
0.50807
0.508186
0.508204
0.508341
0.508464
0.508496
0.508622
0.508709
0.508738
0.508777
0.508781
0.508849
0.50886
0.508906
0.50919
0.509335
0.509573
0.509576
0.509619
0.509632
0.509672
0.509709
0.509816
0.509864
0.509877
0.509933
0.509993
0.510082
0.510258
0.510263
0.510351
0.510482
0.510669
0.510806
0.511081
0.511081
0.511232
0.51127
0.511355
0.511382
0.511487
0.511525
0.511692
0.511758
0.511832
0.512103
0.51242
0.512441
0.51248
0.512495
0.513046
0.513303
0.513491
0.513528
0.513775
0.513813
0.513894
0.514102
0.514256
0.51433
0.514336
0.514354
0.51438
0.514497
0.514517
0.514659
0.514748
0.514844
0.514876
0.515062
0.515124
0.515186
0.515267
0.515309
0.515351
0.515422
0.515578
0.515808
0.515979
0.515993
0.516001
0.516237
0.516278
0.516278
0.51628
0.516347
0.516428
0.516449
0.5168
0.516824
0.516906
0.516933
0.516952
0.516968
0.517152
0.517417
0.517431
0.517457
0.517616
0.517776
0.517792
0.517851
0.517867
0.517903
0.518132
0.518217
0.518355
0.518376
0.518459
0.518477
0.518506
0.51878
0.518845
0.518905
0.519022
0.51903
0.519116
0.519158
0.519553
0.51965
0.519676
0.519684
0.519689
0.519752
0.519757
0.520028
0.520564
0.520568
0.52061
0.520721
0.520858
0.520927
0.521101
0.521115
0.521304
0.521367
0.521469
0.521584
0.521663
0.521746
0.521755
0.521774
0.521785
0.521872
0.522001
0.522324
0.52233
0.522442
0.522475
0.522494
0.522514
0.522605
0.522668
0.522811
0.522906
0.522974
0.523086
0.523094
0.523099
0.523376
0.523397
0.523406
0.523549
0.523737
0.524015
0.524028
0.524181
0.524184
0.524244
0.524252
0.524388
0.524587
0.524646
0.524795
0.524904
0.524971
0.525111
0.525402
0.526106
0.526226
0.526274
0.526306
0.526598
0.526656
0.526689
0.526849
0.52689
0.526893
0.526943
0.527087
0.527426
0.527506
0.527522
0.527532
0.527598
0.527639
0.527711
0.527792
0.527932
0.527941
0.528054
0.528309
0.528328
0.528475
0.52849
0.528588
0.528752
0.52897
0.528995
0.529032
0.52913
0.529159
0.529335
0.52954
0.529575
0.52962
0.529627
0.529634
0.529677
0.529688
0.529882
0.529949
0.530053
0.530094
0.53012
0.530134
0.530136
0.530209
0.530333
0.5307
0.530808
0.530843
0.531125
0.531176
0.531177
0.531178
0.531191
0.531241
0.531265
0.53144
0.531495
0.531673
0.531777
0.531963
0.532312
0.5325
0.53274
0.532866
0.532882
0.532885
0.532889
0.533078
0.533099
0.533222
0.533252
0.533258
0.533259
0.533288
0.53359
0.533712
0.534014
0.534121
0.534248
0.534546
0.534635
0.534887
0.534987
0.535008
0.535071
0.535081
0.535319
0.535497
0.535506
0.53572
0.535771
0.535876
0.535903
0.535988
0.536133
0.536381
0.536485
0.536534
0.536542
0.536747
0.536866
0.536929
0.537076
0.537237
0.53728
0.537361
0.537396
0.537408
0.537456
0.537709
0.537843
0.537905
0.538095
0.538119
0.538153
0.538169
0.538242
0.538316
0.538362
0.538532
0.538804
0.538814
0.539012
0.539138
0.539353
0.539359
0.539486
0.539607
0.539722
0.539762
0.539823
0.540015
0.540122
0.540196
0.540204
0.540238
0.540241
0.540295
0.540376
0.540497
0.540504
0.540556
0.540625
0.540634
0.540695
0.540759
0.541034
0.541238
0.541238
0.541283
0.541302
0.541374
0.54139
0.541467
0.541526
0.54158
0.541727
0.542008
0.542025
0.542073
0.542124
0.542141
0.542184
0.542193
0.542284
0.542486
0.542926
0.542972
0.543018
0.54306
0.543402
0.54343
0.543528
0.543602
0.54368
0.543681
0.543753
0.543852
0.543854
0.543862
0.5439
0.543921
0.543935
0.543976
0.544054
0.544144
0.544192
0.544301
0.544347
0.544409
0.544492
0.544693
0.544694
0.544825
0.544962
0.545037
0.545263
0.545547
0.54567
0.545734
0.545752
0.54581
0.545822
0.545983
0.546028
0.546144
0.546146
0.54618
0.546205
0.546216
0.546551
0.546783
0.546997
0.547001
0.547003
0.547076
0.547314
0.547464
0.547615
0.547664
0.54767
0.547854
0.547941
0.548164
0.548427
0.548509
0.548541
0.548691
0.548734
0.54884
0.548841
0.548936
0.548945
0.548969
0.548977
0.548984
0.549125
0.549235
0.549376
0.549429
0.5495
0.54967
0.549706
0.549949
0.550004
0.550128
0.550327
0.550398
0.550514
0.550561
0.55082
0.550845
0.550995
0.551059
0.551071
0.551195
0.551211
0.551442
0.551626
0.55176
0.552009
0.552053
0.552175
0.552226
0.552399
0.552426
0.552463
0.55263
0.552835
0.553003
0.553141
0.553188
0.553346
0.553573
0.553592
0.553594
0.553622
0.553858
0.553861
0.554069
0.554291
0.554486
0.554617
0.55475
0.555049
0.555063
0.555067
0.555233
0.555244
0.555506
0.555622
0.555635
0.555644
0.555675
0.555783
0.55582
0.555847
0.555946
0.556214
0.556235
0.556489
0.556515
0.55657
0.556758
0.556899
0.55693
0.556961
0.557031
0.557163
0.557227
0.557328
0.557375
0.557594
0.557726
0.558014
0.558053
0.558069
0.558097
0.558121
0.558219
0.558383
0.558406
0.558471
0.558706
0.55871
0.558741
0.558761
0.558787
0.558822
0.558822
0.558892
0.559117
0.559213
0.559219
0.55925
0.559287
0.559373
0.55986
0.559957
0.560104
0.560235
0.560304
0.560793
0.560798
0.560803
0.560945
0.561213
0.561332
0.561389
0.561573
0.561578
0.561635
0.561836
0.561859
0.561955
0.562034
0.562051
0.562064
0.562097
0.562253
0.562272
0.562361
0.56278
0.562802
0.562863
0.563116
0.563162
0.563322
0.563364
0.563367
0.563408
0.563533
0.563557
0.563624
0.563746
0.56387
0.56419
0.564228
0.564353
0.564356
0.564471
0.564649
0.564707
0.564768
0.564868
0.565013
0.565082
0.565086
0.56547
0.565525
0.565555
0.56556
0.565636
0.565689
0.565765
0.565886
0.5659
0.565903
0.566152
0.566388
0.566637
0.566666
0.566906
0.566978
0.567119
0.567353
0.567366
0.56759
0.567666
0.567695
0.568027
0.568371
0.568774
0.568798
0.56889
0.568978
0.569066
0.569109
0.569134
0.569335
0.569444
0.56968
0.569785
0.56981
0.569881
0.569908
0.569973
0.569987
0.570151
0.570222
0.570316
0.570376
0.57039
0.570547
0.570602
0.570673
0.571081
0.571246
0.571317
0.571341
0.571349
0.571406
0.571707
0.571725
0.571895
0.57192
0.57195
0.572163
0.572169
0.572249
0.572339
0.572341
0.572527
0.57261
0.572763
0.572811
0.572887
0.572996
0.573181
0.573223
0.573226
0.573281
0.573313
0.573377
0.57344
0.573874
0.573956
0.574148
0.574201
0.57427
0.574895
0.574931
0.57503
0.57503
0.575103
0.575216
0.575362
0.575386
0.575393
0.57544
0.575501
0.57554
0.575553
0.575707
0.575771
0.575863
0.575883
0.575951
0.575968
0.576053
0.57607
0.576161
0.576193
0.576439
0.576462
0.576474
0.576937
0.576952
0.576976
0.577116
0.577137
0.577194
0.577304
0.577345
0.577381
0.577419
0.577805
0.577822
0.577933
0.577951
0.577982
0.578047
0.578093
0.578227
0.578318
0.578394
0.578599
0.578735
0.578807
0.578809
0.578832
0.578861
0.578886
0.579065
0.579157
0.57938
0.579562
0.579594
0.579947
0.579998
0.580286
0.58031
0.580445
0.580476
0.58055
0.580634
0.580648
0.580654
0.580755
0.580779
0.580908
0.581003
0.581022
0.581285
0.581319
0.58132
0.581601
0.581653
0.58178
0.581918
0.582168
0.582187
0.582197
0.582316
0.582365
0.58238
0.58246
0.582664
0.582719
0.582739
0.582801
0.582891
0.582899
0.583
0.583063
0.583135
0.583153
0.583155
0.583218
0.583278
0.583416
0.583485
0.583681
0.583682
0.583744
0.58375
0.583933
0.583935
0.584138
0.584146
0.584417
0.584458
0.584516
0.584626
0.584677
0.584767
0.584883
0.585297
0.585489
0.585586
0.585847
0.585892
0.586112
0.586165
0.586193
0.586221
0.586253
0.586346
0.586386
0.586422
0.586453
0.586557
0.586699
0.586834
0.587022
0.587038
0.587076
0.587209
0.587331
0.58736
0.587719
0.587801
0.587829
0.587942
0.587989
0.588012
0.588091
0.588363
0.5886
0.588736
0.588799
0.588833
0.588842
0.588859
0.588874
0.588883
0.588935
0.589044
0.589355
0.589387
0.58941
0.58949
0.589505
0.589599
0.589661
0.589679
0.589852
0.590087
0.590239
0.590433
0.590442
0.590666
0.590696
0.591159
0.591327
0.591488
0.591494
0.591596
0.591648
0.591667
0.591755
0.59176
0.591779
0.591987
0.592028
0.59214
0.592177
0.592291
0.592686
0.592733
0.592782
0.592802
0.59304
0.593172
0.593296
0.593383
0.593428
0.593458
0.593477
0.593637
0.593683
0.59372
0.593898
0.593948
0.594069
0.594128
0.594525
0.594598
0.594655
0.594846
0.594855
0.594961
0.595025
0.595071
0.595154
0.595189
0.59528
0.59538
0.595385
0.595447
0.595554
0.595622
0.595643
0.595652
0.595989
0.596021
0.596088
0.596222
0.596412
0.596608
0.596687
0.596836
0.596904
0.597082
0.597203
0.597229
0.597439
0.59753
0.597643
0.597755
0.597755
0.597802
0.597861
0.597926
0.597936
0.598008
0.598103
0.598228
0.598478
0.598708
0.598732
0.598756
0.598843
0.598899
0.598901
0.599042
0.599083
0.599124
0.599126
0.599174
0.599622
0.599648
0.599738
0.599799
0.599968
0.600027
0.60019
0.600211
0.600232
0.600468
0.600537
0.600543
0.600565
0.600569
0.600685
0.600782
0.600794
0.600817
0.600857
0.600997
0.601069
0.601095
0.601133
0.601144
0.601194
0.601406
0.601471
0.601551
0.601594
0.601664
0.60168
0.601712
0.601718
0.60187
0.601996
0.602041
0.602186
0.602385
0.602388
0.602439
0.602443
0.602539
0.602894
0.602938
0.603012
0.603017
0.603096
0.603199
0.603256
0.603386
0.603446
0.603463
0.603472
0.603553
0.603572
0.603588
0.60397
0.604015
0.604071
0.604268
0.604542
0.604705
0.604768
0.60484
0.605039
0.605194
0.605323
0.605378
0.605442
0.605557
0.605598
0.605646
0.605766
0.605778
0.605878
0.605993
0.606089
0.60613
0.606202
0.60623
0.606257
0.60627
0.606347
0.606356
0.606664
0.606682
0.606743
0.606751
0.606759
0.606867
0.606993
0.607221
0.607223
0.607326
0.607683
0.60778
0.607782
0.607895
0.608072
0.608162
0.608164
0.608235
0.608319
0.608326
0.608332
0.608402
0.608633
0.608635
0.608735
0.608845
0.608953
0.609036
0.609141
0.609144
0.609196
0.609225
0.609259
0.609287
0.609405
0.609432
0.609475
0.609533
0.609668
0.609793
0.609871
0.610034
0.61005
0.610086
0.610173
0.610286
0.610534
0.610566
0.610583
0.610659
0.610717
0.610863
0.611042
0.611114
0.611152
0.611303
0.611311
0.611515
0.611579
0.611621
0.611763
0.611781
0.611835
0.611863
0.611872
0.612083
0.612262
0.612426
0.61244
0.6125
0.612553
0.612718
0.612788
0.612856
0.612863
0.612918
0.612926
0.612932
0.612971
0.61307
0.613124
0.61315
0.613184
0.613258
0.613381
0.613584
0.613784
0.613821
0.613842
0.613876
0.614028
0.614088
0.614135
0.614296
0.614352
0.614602
0.614841
0.614849
0.614884
0.615049
0.615281
0.615335
0.615434
0.615508
0.615534
0.615577
0.615696
0.615922
0.615965
0.615967
0.616137
0.616161
0.616274
0.61647
0.616559
0.616663
0.617023
0.617179
0.617227
0.61724
0.617276
0.617696
0.617755
0.617762
0.617857
0.617895
0.617952
0.618374
0.618421
0.618587
0.61864
0.618696
0.618794
0.618931
0.618967
0.61904
0.619148
0.61915
0.619221
0.619222
0.619281
0.619456
0.619711
0.619815
0.619903
0.620044
0.620198
0.620393
0.620447
0.620477
0.620563
0.620719
0.620799
0.620932
0.621146
0.62118
0.621241
0.621252
0.621263
0.621322
0.621372
0.621525
0.621812
0.621817
0.621836
0.621852
0.621883
0.62258
0.622862
0.622905
0.62292
0.622933
0.623116
0.623262
0.623332
0.623386
0.623655
0.623776
0.623898
0.624264
0.624302
0.624325
0.624388
0.624415
0.6246
0.624621
0.624625
0.624767
0.624827
0.624938
0.625416
0.625511
0.625674
0.62576
0.625797
0.6259
0.625933
0.625933
0.626086
0.626136
0.626304
0.62638
0.626384
0.626541
0.626578
0.626674
0.626826
0.626922
0.626986
0.627033
0.627083
0.627258
0.627336
0.627405
0.627452
0.627456
0.627582
0.627609
0.62766
0.627736
0.627781
0.627927
0.62794
0.628041
0.628071
0.628288
0.628311
0.628325
0.628482
0.628748
0.62883
0.628862
0.628972
0.628984
0.629212
0.629268
0.629369
0.629669
0.629678
0.629758
0.629845
0.630082
0.630781
0.630899
0.630948
0.63104
0.631129
0.631145
0.631153
0.631413
0.631529
0.63158
0.63165
0.631707
0.631835
0.631878
0.631981
0.632315
0.632376
0.632495
0.632579
0.632666
0.632674
0.632692
0.632775
0.632805
0.632924
0.632959
0.633129
0.633186
0.633212
0.633241
0.633247
0.633366
0.633447
0.633529
0.633547
0.633565
0.633571
0.633606
0.633773
0.633851
0.633968
0.633995
0.634141
0.634268
0.634353
0.634511
0.63453
0.634592
0.635131
0.635147
0.635157
0.63522
0.635291
0.635447
0.635644
0.635785
0.635838
0.636453
0.636526
0.636639
0.63708
0.63745
0.637641
0.637666
0.637681
0.637698
0.637737
0.637841
0.63787
0.637883
0.637893
0.637966
0.638238
0.638319
0.638366
0.638368
0.638382
0.638494
0.63856
0.63858
0.638591
0.63877
0.638858
0.638939
0.639055
0.639081
0.639198
0.63929
0.6395
0.639633
0.639735
0.639757
0.639845
0.639951
0.640005
0.640029
0.640253
0.640425
0.640429
0.640566
0.640571
0.640902
0.640931
0.641
0.641035
0.641066
0.641078
0.641168
0.641193
0.641211
0.641231
0.641249
0.641273
0.641277
0.64153
0.64158
0.64162
0.641635
0.641674
0.641712
0.641723
0.641732
0.641798
0.641819
0.64189
0.642066
0.642155
0.642526
0.642604
0.642687
0.642699
0.642797
0.642815
0.642934
0.642944
0.64299
0.643012
0.643216
0.643232
0.643242
0.643329
0.643441
0.643442
0.643469
0.64349
0.643493
0.643755
0.643834
0.643952
0.644028
0.644225
0.644248
0.64427
0.644284
0.644356
0.644507
0.644707
0.644735
0.644748
0.645111
0.645172
0.645292
0.645307
0.645335
0.645346
0.645386
0.645386
0.645464
0.645502
0.645715
0.645772
0.645988
0.646025
0.646251
0.646297
0.646332
0.646351
0.646398
0.64676
0.646878
0.646893
0.647083
0.647157
0.647394
0.647528
0.647531
0.647552
0.647581
0.64759
0.647645
0.647704
0.647732
0.648011
0.648077
0.648085
0.648255
0.64834
0.648473
0.648637
0.648773
0.648776
0.648844
0.648844
0.648872
0.648971
0.648991
0.649144
0.649284
0.649349
0.649496
0.649543
0.649824
0.649871
0.650646
0.650685
0.650687
0.650702
0.65078
0.650978
0.651111
0.651253
0.651261
0.651312
0.651495
0.651803
0.651864
0.651865
0.651953
0.65202
0.652029
0.652055
0.652128
0.652156
0.65218
0.652215
0.652288
0.652365
0.652449
0.652692
0.652865
0.652883
0.653008
0.653207
0.653278
0.65346
0.653468
0.653475
0.653546
0.653627
0.653673
0.653734
0.653956
0.653988
0.654097
0.654141
0.654221
0.654242
0.654293
0.654382
0.654459
0.654465
0.654555
0.654587
0.654727
0.65481
0.655101
0.65515
0.655209
0.65522
0.655231
0.655259
0.655423
0.655574
0.655578
0.655677
0.65603
0.656192
0.65657
0.656771
0.656783
0.656804
0.65688
0.657106
0.657125
0.657308
0.657513
0.657522
0.657572
0.657638
0.657713
0.657875
0.658083
0.658189
0.658357
0.65848
0.658488
0.658546
0.658588
0.658666
0.658702
0.6588
0.65885
0.659022
0.659036
0.659073
0.659124
0.659138
0.659359
0.659418
0.65949
0.659526
0.659653
0.65988
0.66006
0.660146
0.660772
0.660881
0.66101
0.661037
0.661044
0.661166
0.661208
0.661285
0.661583
0.661897
0.662011
0.662019
0.662146
0.662159
0.662191
0.662495
0.662526
0.662568
0.66269
0.663119
0.663175
0.663304
0.663397
0.663416
0.663463
0.663693
0.663822
0.663828
0.664187
0.664311
0.664331
0.664603
0.664622
0.664867
0.664902
0.665137
0.665157
0.665175
0.665187
0.665362
0.665453
0.665529
0.665583
0.66578
0.665801
0.665851
0.665904
0.666004
0.666041
0.666062
0.666288
0.66634
0.666362
0.666405
0.666407
0.666467
0.667082
0.667208
0.667386
0.66747
0.667485
0.667518
0.667661
0.667677
0.667686
0.667705
0.667836
0.66794
0.668126
0.668512
0.668567
0.668621
0.668913
0.668974
0.669139
0.669263
0.669416
0.669595
0.669804
0.669865
0.669884
0.669949
0.669955
0.670014
0.67008
0.67022
0.670276
0.670874
0.670889
0.670913
0.671076
0.671076
0.671086
0.671189
0.671333
0.671342
0.671535
0.671679
0.671904
0.672161
0.672194
0.672268
0.672376
0.672469
0.672473
0.67254
0.672611
0.672654
0.672695
0.6728
0.672842
0.673005
0.67314
0.673164
0.673167
0.673223
0.673324
0.67343
0.673653
0.673979
0.674118
0.67416
0.67436
0.674486
0.674525
0.6746
0.6748
0.674864
0.675152
0.675171
0.675399
0.675492
0.675563
0.675587
0.675635
0.676115
0.676312
0.676761
0.676786
0.676923
0.676951
0.677028
0.677081
0.677196
0.677203
0.677507
0.677553
0.677807
0.67785
0.678024
0.6781
0.678183
0.67829
0.678829
0.678835
0.678845
0.67892
0.678968
0.679063
0.67908
0.679081
0.679093
0.67928
0.679398
0.679431
0.67956
0.679629
0.679767
0.67979
0.680103
0.680105
0.680172
0.680191
0.680205
0.680234
0.680236
0.680243
0.680571
0.680761
0.680787
0.680922
0.680968
0.681033
0.681204
0.681214
0.681308
0.681744
0.682247
0.682378
0.682457
0.682462
0.682498
0.682513
0.682756
0.682811
0.683032
0.683284
0.683557
0.683576
0.683634
0.683819
0.684218
0.684222
0.684308
0.684338
0.684452
0.68456
0.684873
0.684894
0.68492
0.684935
0.685001
0.685063
0.685081
0.685152
0.685442
0.685504
0.685595
0.685691
0.685736
0.68576
0.685989
0.686096
0.686277
0.686295
0.686342
0.686462
0.686548
0.686571
0.686604
0.686676
0.686697
0.687019
0.687155
0.687311
0.687315
0.687408
0.687506
0.687985
0.688275
0.688491
0.688591
0.688778
0.688811
0.68883
0.688951
0.68898
0.689029
0.689108
0.689191
0.689227
0.689242
0.689296
0.689384
0.689802
0.689803
0.689824
0.69011
0.690201
0.690279
0.69037
0.690485
0.6905
0.690619
0.690632
0.690678
0.690852
0.690993
0.691001
0.691057
0.691168
0.691201
0.691259
0.691363
0.691594
0.691594
0.691619
0.691644
0.691671
0.6917
0.691701
0.691792
0.691854
0.692013
0.692117
0.69225
0.692252
0.692383
0.692846
0.693201
0.693264
0.693478
0.693557
0.693587
0.693641
0.69371
0.693851
0.693976
0.69405
0.694625
0.694716
0.694718
0.694746
0.694752
0.695038
0.695222
0.695321
0.69538
0.695413
0.695472
0.6956
0.69623
0.696356
0.696429
0.69654
0.696541
0.696688
0.696692
0.696819
0.696846
0.696923
0.697015
0.69712
0.697166
0.697199
0.697861
0.698022
0.698157
0.698401
0.69841
0.698423
0.698466
0.698479
0.698693
0.698713
0.698778
0.698819
0.698825
0.698869
0.698874
0.698923
0.698931
0.699008
0.69903
0.69926
0.699429
0.699614
0.69963
0.699678
0.699724
0.699726
0.700361
0.70048
0.700691
0.700706
0.700762
0.700793
0.700872
0.700927
0.701104
0.701136
0.701218
0.701244
0.701288
0.70135
0.701368
0.701444
0.701477
0.701605
0.701782
0.70179
0.701864
0.701889
0.701941
0.702133
0.702135
0.702147
0.702219
0.702474
0.702519
0.702638
0.702695
0.702881
0.703025
0.703267
0.703297
0.703339
0.703396
0.703469
0.703586
0.70367
0.703699
0.703794
0.703849
0.703889
0.703938
0.704148
0.704248
0.704308
0.704335
0.704485
0.704607
0.70463
0.70472
0.70476
0.705053
0.705129
0.70514
0.705454
0.705704
0.70575
0.705858
0.705991
0.706046
0.706086
0.706126
0.706199
0.706596
0.706642
0.706695
0.706821
0.706829
0.706934
0.70698
0.707019
0.707046
0.7073
0.707301
0.707364
0.707626
0.707645
0.707672
0.707734
0.70775
0.708362
0.708572
0.708672
0.708752
0.70878
0.70891
0.709132
0.709138
0.709383
0.709404
0.70947
0.709479
0.709535
0.709611
0.709741
0.709815
0.709816
0.709834
0.709895
0.710017
0.710179
0.710261
0.710372
0.710535
0.710648
0.710747
0.710781
0.710903
0.710954
0.711061
0.711061
0.711185
0.711345
0.711477
0.711487
0.71154
0.711613
0.711691
0.711754
0.711766
0.711849
0.711905
0.711956
0.712143
0.712291
0.71248
0.712507
0.712933
0.713109
0.713336
0.713378
0.713433
0.713589
0.713667
0.713704
0.713717
0.713792
0.71389
0.714161
0.714186
0.714393
0.714766
0.714924
0.715159
0.715257
0.715292
0.71531
0.715368
0.715421
0.715425
0.715485
0.715529
0.715553
0.715659
0.715662
0.716042
0.716194
0.716197
0.716344
0.716412
0.716631
0.716644
0.716659
0.716748
0.716819
0.717048
0.71707
0.717184
0.71729
0.717698
0.7181
0.718112
0.718278
0.718318
0.71833
0.718352
0.718398
0.718443
0.718686
0.719026
0.719066
0.719114
0.719229
0.719526
0.719527
0.719602
0.719776
0.719916
0.719932
0.719955
0.720069
0.720447
0.720632
0.720712
0.720717
0.720926
0.721133
0.721316
0.721321
0.72134
0.721412
0.721417
0.721497
0.721545
0.721605
0.721644
0.721736
0.722118
0.722554
0.722569
0.722579
0.722707
0.722772
0.723195
0.723211
0.723222
0.723364
0.723472
0.723647
0.723697
0.723701
0.72382
0.724139
0.72415
0.724182
0.724197
0.72422
0.724259
0.724339
0.724585
0.724696
0.7247
0.724919
0.725079
0.725095
0.725217
0.72525
0.725254
0.725369
0.725592
0.725661
0.725679
0.725681
0.725728
0.725826
0.725864
0.72592
0.726217
0.726356
0.726404
0.726412
0.726477
0.726655
0.726748
0.726932
0.726953
0.727007
0.727273
0.727414
0.72762
0.727639
0.727734
0.727864
0.727893
0.727906
0.72811
0.728251
0.728416
0.728418
0.728493
0.728519
0.728626
0.728688
0.728803
0.728993
0.729008
0.729056
0.729171
0.72925
0.729624
0.729626
0.729802
0.729881
0.729885
0.729892
0.729962
0.730173
0.730332
0.730582
0.730674
0.73072
0.730751
0.730924
0.730977
0.731073
0.731096
0.731148
0.731318
0.731324
0.731386
0.731439
0.731761
0.732139
0.732157
0.732169
0.732188
0.732389
0.732438
0.732706
0.732821
0.732906
0.732966
0.733028
0.733218
0.733244
0.73358
0.733657
0.733784
0.73389
0.733936
0.73395
0.73396
0.733986
0.73406
0.734186
0.734192
0.734355
0.734576
0.734583
0.734584
0.734612
0.734708
0.734848
0.734896
0.735192
0.73524
0.735246
0.735368
0.735591
0.7356
0.73565
0.735722
0.735974
0.73622
0.736362
0.736576
0.736648
0.736664
0.736725
0.73691
0.737001
0.737201
0.737389
0.737397
0.73741
0.737427
0.737702
0.737768
0.7378
0.73782
0.73797
0.738213
0.738234
0.738306
0.738388
0.738546
0.738853
0.73894
0.73896
0.739012
0.739147
0.739178
0.739296
0.73945
0.739758
0.739857
0.739871
0.740041
0.74007
0.740148
0.740527
0.740617
0.740657
0.740732
0.740803
0.740998
0.741008
0.741141
0.741177
0.741345
0.741505
0.741529
0.741531
0.741588
0.741647
0.741661
0.741666
0.741868
0.741947
0.742226
0.742344
0.74259
0.742694
0.742702
0.742749
0.742765
0.742798
0.742887
0.7429
0.742987
0.743226
0.743547
0.743582
0.743898
0.744003
0.744156
0.744306
0.744476
0.744478
0.744569
0.744582
0.744628
0.744629
0.744672
0.744757
0.744857
0.745006
0.745034
0.745104
0.745117
0.7454
0.745661
0.74571
0.745823
0.745942
0.746
0.746024
0.746084
0.74609
0.746121
0.746144
0.746177
0.746189
0.74624
0.746832
0.746894
0.746996
0.747049
0.747236
0.747264
0.747566
0.747629
0.747638
0.747748
0.747795
0.7478
0.747812
0.748095
0.748095
0.748263
0.748276
0.748311
0.748354
0.748425
0.748451
0.748543
0.748549
0.748724
0.748798
0.748807
0.749287
0.749344
0.749392
0.749411
0.74944
0.749478
0.749551
0.74965
0.749871
0.750267
0.750331
0.750439
0.750526
0.75055
0.750627
0.750733
0.750845
0.751034
0.751167
0.751208
0.751454
0.751483
0.751669
0.751673
0.752043
0.752144
0.752199
0.752223
0.752304
0.752351
0.752442
0.752452
0.75253
0.752543
0.752552
0.752583
0.752599
0.75307
0.753398
0.753489
0.753693
0.754129
0.754196
0.754261
0.754334
0.754445
0.754643
0.754797
0.754835
0.754846
0.754979
0.755261
0.755388
0.755406
0.755436
0.755439
0.755459
0.755594
0.755596
0.755786
0.75599
0.756188
0.756276
0.756296
0.756353
0.756371
0.756394
0.756567
0.7566
0.756614
0.756631
0.756962
0.756993
0.757005
0.75702
0.757265
0.75749
0.757705
0.75778
0.757829
0.757852
0.757914
0.757932
0.757973
0.758086
0.758103
0.758129
0.758168
0.758176
0.758179
0.758204
0.758256
0.758263
0.758307
0.75853
0.758532
0.758572
0.758664
0.758677
0.75868
0.758713
0.758887
0.758919
0.758924
0.759051
0.759079
0.759312
0.759604
0.759841
0.759878
0.759929
0.760114
0.760356
0.760376
0.760494
0.760503
0.760526
0.760583
0.760854
0.760864
0.760886
0.761065
0.761198
0.761294
0.761825
0.761847
0.762086
0.762256
0.762308
0.762319
0.762415
0.762682
0.762796
0.762801
0.76309
0.763098
0.763098
0.7631
0.763207
0.763222
0.763352
0.76336
0.763469
0.763496
0.763876
0.763968
0.764118
0.7642
0.764235
0.76446
0.764461
0.764495
0.764576
0.764623
0.764812
0.764834
0.765013
0.76513
0.765173
0.765226
0.765243
0.765577
0.765739
0.765959
0.766077
0.766388
0.766409
0.766421
0.766429
0.766535
0.766745
0.766839
0.767099
0.767291
0.767478
0.767827
0.767875
0.767888
0.767909
0.768328
0.768432
0.76893
0.768982
0.76904
0.769117
0.769251
0.769307
0.769454
0.769809
0.769858
0.76993
0.769967
0.77011
0.770149
0.770161
0.770161
0.770381
0.770449
0.770479
0.770544
0.770572
0.770622
0.770861
0.770883
0.770901
0.770932
0.770994
0.771172
0.771248
0.771322
0.771391
0.771422
0.771531
0.771543
0.771579
0.771656
0.77176
0.772042
0.772275
0.772337
0.772397
0.772406
0.772814
0.772871
0.772917
0.772917
0.772962
0.773026
0.773067
0.77309
0.77318
0.773231
0.773253
0.773289
0.773337
0.773373
0.773605
0.773618
0.773684
0.773951
0.773969
0.774051
0.774195
0.774244
0.774413
0.774559
0.774629
0.774669
0.774839
0.775028
0.775047
0.775092
0.77539
0.7754
0.775437
0.775484
0.775615
0.775649
0.775688
0.775762
0.775956
0.77607
0.776211
0.776266
0.776569
0.776753
0.776964
0.776998
0.777055
0.777123
0.777253
0.777255
0.777292
0.777433
0.777528
0.777549
0.777607
0.777636
0.77766
0.777715
0.777816
0.77796
0.778036
0.778048
0.778256
0.778266
0.778388
0.778521
0.778687
0.778881
0.779004
0.779046
0.779153
0.779202
0.779734
0.779768
0.779788
0.779814
0.779815
0.77987
0.779875
0.779982
0.779988
0.780097
0.780178
0.780269
0.780366
0.780412
0.780426
0.78043
0.780431
0.780458
0.780551
0.780626
0.780687
0.780726
0.780779
0.780819
0.780956
0.78106
0.7811
0.781259
0.781318
0.781343
0.78149
0.781558
0.781567
0.782082
0.78212
0.782166
0.782205
0.782291
0.782314
0.782318
0.782322
0.782339
0.782352
0.782422
0.782568
0.782599
0.782659
0.782677
0.782897
0.782906
0.782951
0.783073
0.783254
0.783314
0.783379
0.783443
0.783483
0.783499
0.783514
0.783623
0.783689
0.784096
0.784147
0.784203
0.78431
0.784367
0.784488
0.784571
0.784744
0.784774
0.78482
0.784836
0.784841
0.784992
0.78506
0.785292
0.785302
0.785361
0.785978
0.786085
0.786123
0.786124
0.786246
0.786392
0.786518
0.786579
0.786773
0.786871
0.787003
0.787107
0.787184
0.787227
0.787232
0.787422
0.787429
0.787441
0.787462
0.787482
0.787503
0.78751
0.787609
0.787829
0.787864
0.787876
0.78789
0.787952
0.788167
0.788331
0.788468
0.78876
0.78876
0.788832
0.789062
0.789141
0.789171
0.789243
0.789342
0.78936
0.789527
0.789579
0.789584
0.789623
0.789729
0.78978
0.789811
0.789889
0.790003
0.790085
0.790094
0.790187
0.79035
0.790491
0.790635
0.790709
0.790745
0.790815
0.790817
0.790845
0.790921
0.790941
0.790964
0.790977
0.79111
0.791116
0.791188
0.79124
0.791264
0.791477
0.791489
0.791715
0.791808
0.791937
0.791997
0.792065
0.792096
0.792121
0.79219
0.792335
0.79275
0.792789
0.792789
0.793034
0.79314
0.793204
0.793207
0.793295
0.793336
0.793507
0.793566
0.79375
0.793845
0.79394
0.793987
0.794052
0.794054
0.794096
0.79412
0.794301
0.794329
0.794342
0.794367
0.794395
0.794617
0.794696
0.794813
0.795165
0.795221
0.795243
0.79528
0.795673
0.795888
0.795955
0.795966
0.796066
0.796463
0.796467
0.796542
0.796648
0.796676
0.796804
0.796896
0.796928
0.796959
0.796971
0.797013
0.797189
0.797408
0.797553
0.797845
0.797916
0.797984
0.797994
0.798232
0.798433
0.798641
0.798672
0.798694
0.798698
0.799073
0.799086
0.799127
0.799175
0.799294
0.799328
0.799373
0.799429
0.799807
0.799981
0.800035
0.800165
0.800551
0.800583
0.80062
0.800934
0.800993
0.800995
0.801067
0.801215
0.801237
0.801554
0.801659
0.80186
0.802106
0.802519
0.802639
0.802774
0.802789
0.802873
0.802932
0.803021
0.803025
0.803142
0.803215
0.803286
0.803339
0.803496
0.803564
0.803586
0.803758
0.803765
0.803843
0.803986
0.803994
0.804091
0.804183
0.804273
0.804567
0.804649
0.804687
0.804706
0.804839
0.805248
0.805255
0.805375
0.80546
0.80589
0.805909
0.805929
0.805954
0.805984
0.806021
0.806307
0.806396
0.806535
0.806678
0.806726
0.806883
0.806936
0.806984
0.807025
0.807052
0.807138
0.807189
0.807234
0.807433
0.807522
0.807542
0.8076
0.807685
0.807897
0.807957
0.807962
0.808016
0.80808
0.808122
0.80813
0.808195
0.808199
0.808466
0.808547
0.808588
0.808651
0.808817
0.808989
0.809035
0.809164
0.809247
0.809266
0.809467
0.809473
0.809584
0.809678
0.809841
0.810013
0.810025
0.810156
0.810222
0.810226
0.810249
0.810366
0.810567
0.810665
0.810667
0.810856
0.811086
0.811124
0.811138
0.811287
0.811448
0.811455
0.811501
0.811567
0.81179
0.811808
0.811931
0.812117
0.812391
0.812424
0.812494
0.812661
0.812678
0.81285
0.812928
0.81293
0.813158
0.813269
0.813276
0.813298
0.813441
0.813465
0.813482
0.81363
0.813664
0.813871
0.813908
0.813971
0.814045
0.814103
0.814223
0.814282
0.8143
0.814447
0.814508
0.814519
0.814621
0.814753
0.814794
0.814906
0.81503
0.815052
0.815087
0.815117
0.815175
0.815371
0.815373
0.815406
0.815449
0.815545
0.815553
0.815566
0.815758
0.815773
0.815858
0.815897
0.815908
0.816158
0.816209
0.816459
0.816599
0.81668
0.816785
0.817124
0.817369
0.817455
0.817591
0.817614
0.817761
0.817913
0.817985
0.818036
0.818044
0.818086
0.818127
0.818247
0.818293
0.818301
0.818302
0.818416
0.818657
0.818709
0.818888
0.818927
0.819033
0.819121
0.81922
0.819245
0.819321
0.819461
0.819473
0.819487
0.819733
0.819751
0.819752
0.819766
0.819869
0.819905
0.819949
0.819975
0.820034
0.820036
0.820085
0.820116
0.820163
0.820585
0.820632
0.820646
0.820721
0.820793
0.820831
0.820879
0.8212
0.821216
0.821282
0.821398
0.821435
0.821483
0.821528
0.821669
0.821787
0.821828
0.821838
0.82184
0.821899
0.821965
0.822004
0.822053
0.822252
0.822372
0.822453
0.82256
0.82258
0.822601
0.822606
0.822652
0.822675
0.822734
0.822847
0.822849
0.822997
0.823009
0.82307
0.823196
0.823553
0.823587
0.824123
0.824188
0.824198
0.82425
0.824517
0.824568
0.824596
0.824607
0.824885
0.824924
0.825112
0.825241
0.825306
0.825314
0.825348
0.825547
0.825943
0.825957
0.826259
0.826793
0.826933
0.827043
0.827047
0.827111
0.827461
0.827499
0.827767
0.827779
0.827878
0.82789
0.827943
0.827952
0.827959
0.827966
0.828109
0.828316
0.828342
0.828404
0.828469
0.82847
0.828802
0.828835
0.829288
0.829474
0.829494
0.829542
0.829711
0.829868
0.829884
0.830175
0.830188
0.830472
0.830485
0.830658
0.831071
0.831108
0.831276
0.831301
0.831636
0.831658
0.831669
0.831678
0.8318
0.831899
0.832106
0.832203
0.832414
0.832427
0.832466
0.83257
0.832635
0.83285
0.832909
0.832982
0.833136
0.83314
0.833209
0.833292
0.833676
0.833788
0.833838
0.833852
0.83389
0.833951
0.833985
0.834025
0.834031
0.834043
0.834091
0.834102
0.83433
0.834435
0.834484
0.834524
0.8347
0.834703
0.834707
0.834727
0.834746
0.834759
0.834888
0.834889
0.834946
0.835121
0.835189
0.835319
0.835518
0.835647
0.835708
0.835762
0.835901
0.835995
0.83602
0.836028
0.836071
0.836084
0.836171
0.836206
0.83634
0.836427
0.836794
0.836852
0.83689
0.837086
0.837204
0.837451
0.837505
0.837594
0.837891
0.838062
0.838074
0.8383
0.838304
0.838498
0.838528
0.838811
0.838845
0.838876
0.839181
0.839331
0.839431
0.839557
0.839569
0.839663
0.839796
0.840024
0.840221
0.840259
0.840396
0.840552
0.840605
0.840755
0.840941
0.841534
0.841596
0.841596
0.841613
0.84162
0.841698
0.841825
0.841866
0.841977
0.842013
0.842023
0.84203
0.84205
0.84216
0.842175
0.842401
0.842404
0.842405
0.842508
0.842658
0.842659
0.842664
0.842818
0.84285
0.842854
0.843044
0.843115
0.843165
0.843171
0.843194
0.843238
0.84348
0.843483
0.843515
0.843551
0.843634
0.843731
0.843814
0.843851
0.843896
0.843904
0.844135
0.844138
0.844307
0.844412
0.844426
0.844433
0.844546
0.844591
0.844651
0.844813
0.84483
0.844859
0.844863
0.844942
0.84501
0.845242
0.845311
0.845335
0.845498
0.845504
0.845572
0.845609
0.845656
0.845699
0.845725
0.845894
0.845898
0.845906
0.845912
0.846082
0.846219
0.846236
0.846301
0.846354
0.84664
0.846689
0.846895
0.846979
0.846981
0.846985
0.847134
0.847141
0.847166
0.847177
0.847262
0.847472
0.847546
0.84773
0.847984
0.848097
0.848141
0.848219
0.84825
0.848326
0.848428
0.848623
0.848637
0.848856
0.848927
0.84895
0.84902
0.849046
0.84924
0.849471
0.84955
0.849645
0.849704
0.849773
0.849867
0.849957
0.85001
0.850195
0.850229
0.850247
0.850339
0.850582
0.850704
0.850753
0.850972
0.850991
0.851003
0.851424
0.851429
0.851705
0.851903
0.851912
0.851962
0.852154
0.852326
0.852441
0.852679
0.852803
0.852842
0.852854
0.85332
0.853393
0.853488
0.853537
0.853591
0.853618
0.853702
0.853842
0.853975
0.854164
0.85431
0.854411
0.854541
0.854736
0.854977
0.855028
0.855156
0.855195
0.85529
0.855355
0.855408
0.855485
0.855699
0.855941
0.856013
0.856103
0.856346
0.856362
0.856371
0.856546
0.856592
0.856644
0.856744
0.856786
0.856788
0.856875
0.856923
0.856999
0.85702
0.857096
0.857134
0.857206
0.857245
0.857245
0.857375
0.85739
0.857599
0.857635
0.857829
0.857833
0.858029
0.858144
0.858189
0.858281
0.858468
0.858712
0.858729
0.858785
0.858814
0.858894
0.858969
0.859032
0.859234
0.859279
0.859402
0.859641
0.859671
0.859703
0.859945
0.86017
0.860192
0.860203
0.860237
0.860295
0.860441
0.86048
0.860516
0.860521
0.860543
0.860592
0.860851
0.86091
0.861232
0.86138
0.861381
0.861395
0.861757
0.861845
0.862012
0.862063
0.862419
0.862421
0.862464
0.862529
0.862579
0.862719
0.862741
0.86279
0.862797
0.862828
0.863063
0.863278
0.863328
0.863448
0.86356
0.863698
0.863925
0.864006
0.864128
0.864255
0.86434
0.864406
0.864566
0.864899
0.86519
0.865243
0.865546
0.865632
0.865672
0.865747
0.865763
0.86592
0.866117
0.8662
0.866246
0.866251
0.866311
0.866346
0.866403
0.866437
0.866495
0.86685
0.866961
0.866988
0.867133
0.867315
0.867374
0.867553
0.867579
0.867593
0.867748
0.86781
0.868226
0.868285
0.868353
0.868413
0.86848
0.868582
0.868678
0.868678
0.868781
0.868834
0.869138
0.869205
0.869255
0.869398
0.869435
0.86948
0.869519
0.869531
0.869643
0.869679
0.869707
0.869758
0.869759
0.869964
0.869974
0.8701
0.870163
0.87017
0.870247
0.870358
0.870396
0.870473
0.870492
0.870603
0.871013
0.87119
0.871263
0.871654
0.871723
0.871818
0.871989
0.872028
0.872037
0.872364
0.872422
0.872477
0.872477
0.872777
0.872876
0.872898
0.873023
0.873124
0.873173
0.873183
0.873183
0.873195
0.873221
0.873272
0.8733
0.873434
0.873466
0.873506
0.873836
0.87388
0.873883
0.873955
0.87419
0.87419
0.87423
0.874308
0.874395
0.874463
0.874585
0.874642
0.874672
0.874844
0.875
0.875075
0.875266
0.875516
0.875521
0.875545
0.875618
0.8758
0.87602
0.876082
0.876236
0.876281
0.876357
0.876437
0.876444
0.876691
0.876815
0.876992
0.877023
0.877049
0.877367
0.877396
0.877522
0.877672
0.877714
0.877724
0.877777
0.877792
0.877884
0.877891
0.877972
0.878076
0.878318
0.878331
0.87859
0.878651
0.8787
0.878966
0.879005
0.879266
0.879312
0.879576
0.879605
0.879622
0.87966
0.879664
0.879757
0.879937
0.880227
0.880338
0.880463
0.880528
0.880544
0.880655
0.880761
0.881248
0.881249
0.881385
0.881529
0.881546
0.881654
0.881768
0.88179
0.881898
0.881963
0.882157
0.882183
0.882351
0.882557
0.882605
0.882668
0.882776
0.882858
0.882895
0.883044
0.883047
0.88313
0.883172
0.883248
0.883401
0.883402
0.883452
0.883499
0.88357
0.883623
0.883929
0.883933
0.884012
0.884185
0.884273
0.88448
0.884489
0.884507
0.884763
0.884777
0.884976
0.885023
0.885215
0.885282
0.88539
0.885423
0.885423
0.88562
0.885772
0.885774
0.886007
0.886229
0.886314
0.886322
0.886344
0.886706
0.886812
0.886832
0.886899
0.886899
0.886919
0.887038
0.887148
0.887203
0.88722
0.887468
0.887548
0.887665
0.887876
0.887928
0.887934
0.88798
0.888175
0.888228
0.888237
0.888248
0.888346
0.888467
0.888533
0.888693
0.888739
0.888767
0.888791
0.888904
0.889027
0.88905
0.88911
0.889173
0.889196
0.889233
0.88931
0.889342
0.88943
0.889562
0.889767
0.889807
0.889839
0.889924
0.890046
0.890101
0.890182
0.890253
0.890286
0.890363
0.89043
0.890542
0.890785
0.890968
0.890999
0.89105
0.89108
0.891163
0.891167
0.891302
0.891459
0.891507
0.891537
0.891728
0.891852
0.891897
0.891937
0.892273
0.892412
0.892499
0.892524
0.892603
0.892837
0.892889
0.892907
0.892984
0.89299
0.893112
0.893138
0.893153
0.893162
0.893215
0.893935
0.894177
0.89447
0.894568
0.894591
0.894657
0.894734
0.894776
0.894838
0.894904
0.895003
0.895023
0.895179
0.895207
0.895296
0.895537
0.895958
0.895966
0.895966
0.896003
0.896177
0.896227
0.89657
0.896774
0.896775
0.896975
0.89708
0.897436
0.897465
0.897765
0.897905
0.897984
0.898148
0.898161
0.898184
0.898271
0.898288
0.898299
0.898365
0.898465
0.898483
0.898542
0.898587
0.898605
0.898658
0.898759
0.898788
0.898825
0.898979
0.899088
0.899229
0.899249
0.899285
0.899347
0.899369
0.89937
0.899448
0.899497
0.899985
0.900048
0.900174
0.900191
0.900266
0.900484
0.900518
0.900713
0.900786
0.901058
0.901144
0.901168
0.901169
0.90126
0.901307
0.901391
0.90151
0.901604
0.901775
0.901924
0.901928
0.901933
0.902106
0.902183
0.902211
0.902322
0.902325
0.902326
0.902424
0.902464
0.902538
0.902685
0.902881
0.902908
0.902913
0.903124
0.903247
0.903307
0.903523
0.903582
0.90374
0.903761
0.903785
0.903787
0.903945
0.904069
0.904231
0.904348
0.904425
0.90449
0.904605
0.904725
0.904808
0.904847
0.905033
0.90515
0.905172
0.905309
0.905344
0.905487
0.905499
0.905523
0.905701
0.905808
0.905951
0.906006
0.906143
0.906157
0.906157
0.906169
0.906214
0.906402
0.906444
0.906549
0.906657
0.906669
0.906719
0.906741
0.906747
0.906808
0.906969
0.906992
0.907097
0.907223
0.907228
0.907309
0.907449
0.907618
0.907716
0.907863
0.907928
0.908039
0.908165
0.908363
0.908943
0.909089
0.909142
0.909255
0.909349
0.909438
0.909496
0.909581
0.909618
0.909681
0.91007
0.910104
0.910133
0.910147
0.910268
0.910315
0.910392
0.910419
0.910422
0.910425
0.910477
0.910598
0.910656
0.910658
0.910676
0.910792
0.910946
0.911053
0.911155
0.911181
0.911196
0.911309
0.911431
0.911443
0.911455
0.911486
0.911514
0.91164
0.911711
0.911769
0.911789
0.912214
0.912293
0.912355
0.912367
0.912382
0.912457
0.912503
0.912623
0.912668
0.912702
0.91272
0.912751
0.912835
0.913041
0.913064
0.91322
0.91337
0.913373
0.913479
0.913486
0.913531
0.913564
0.913644
0.91366
0.913669
0.913713
0.91379
0.913791
0.91383
0.914011
0.914124
0.914136
0.914237
0.914267
0.914287
0.914347
0.914379
0.914463
0.914497
0.914517
0.914586
0.914619
0.914697
0.914755
0.915017
0.915024
0.915277
0.915353
0.915418
0.915427
0.915479
0.915511
0.91557
0.915577
0.915577
0.915655
0.915657
0.915703
0.915966
0.916244
0.916379
0.916456
0.916696
0.916823
0.916847
0.91689
0.917009
0.917156
0.917172
0.917306
0.917397
0.917514
0.917561
0.917564
0.917649
0.917739
0.91777
0.917888
0.917924
0.918066
0.918187
0.918276
0.918379
0.918411
0.918484
0.918498
0.918529
0.918579
0.918675
0.91868
0.918772
0.918906
0.918909
0.918977
0.918993
0.919052
0.919093
0.919455
0.919636
0.919664
0.919672
0.91971
0.919761
0.919829
0.919997
0.92028
0.920298
0.920397
0.920434
0.920581
0.920613
0.9207
0.920851
0.920904
0.92106
0.921077
0.921171
0.921224
0.921385
0.921488
0.921759
0.921778
0.921869
0.921885
0.921953
0.92205
0.922086
0.922211
0.922431
0.922617
0.922658
0.922681
0.922743
0.922822
0.922879
0.923212
0.923213
0.923244
0.923288
0.923294
0.923395
0.923504
0.923529
0.923617
0.923743
0.924027
0.92421
0.924351
0.924401
0.924486
0.924513
0.924588
0.924636
0.924643
0.924803
0.925176
0.925249
0.925273
0.925432
0.925458
0.925592
0.925616
0.925809
0.925823
0.925873
0.925881
0.92591
0.926246
0.926259
0.926269
0.926271
0.926277
0.926405
0.926431
0.926439
0.926481
0.926645
0.926852
0.927184
0.927241
0.927331
0.927501
0.927534
0.92775
0.927824
0.928005
0.928042
0.928133
0.928301
0.928344
0.928433
0.928483
0.928603
0.928688
0.928699
0.928995
0.929032
0.929044
0.929056
0.92906
0.92906
0.929098
0.929305
0.92953
0.92959
0.929667
0.929706
0.930055
0.930062
0.930257
0.930258
0.930433
0.930468
0.930718
0.930761
0.930805
0.93084
0.930945
0.930959
0.930997
0.931059
0.931128
0.931273
0.931281
0.931323
0.931545
0.932011
0.932044
0.932079
0.932116
0.932334
0.93235
0.932384
0.93257
0.93275
0.932824
0.932932
0.933011
0.933282
0.933307
0.93336
0.933481
0.933558
0.933641
0.933661
0.933802
0.933834
0.933902
0.93393
0.934007
0.934157
0.934297
0.93447
0.934658
0.934712
0.93476
0.934913
0.93507
0.935262
0.935645
0.935687
0.935951
0.935953
0.936112
0.936128
0.936194
0.936269
0.936434
0.936542
0.936547
0.936597
0.936706
0.936896
0.936985
0.937029
0.937337
0.937378
0.937399
0.937423
0.937586
0.937608
0.937625
0.937669
0.937869
0.937994
0.938066
0.938187
0.938223
0.938235
0.93852
0.93858
0.938695
0.938765
0.938808
0.938835
0.938997
0.939312
0.939458
0.939463
0.939876
0.939886
0.939899
0.93991
0.939969
0.940061
0.940139
0.940153
0.940249
0.940328
0.940447
0.940605
0.940614
0.940644
0.940666
0.940731
0.940937
0.940987
0.941083
0.941113
0.941249
0.94155
0.941555
0.941764
0.941815
0.941954
0.942023
0.94206
0.942102
0.942121
0.942336
0.94235
0.942377
0.942473
0.942618
0.942659
0.943001
0.943078
0.943311
0.943749
0.943754
0.943807
0.943981
0.944141
0.944165
0.944678
0.944706
0.944944
0.945063
0.945135
0.945157
0.945158
0.945403
0.945483
0.945653
0.945875
0.945963
0.945996
0.946028
0.946157
0.94624
0.946257
0.946289
0.946413
0.946424
0.946786
0.946951
0.947074
0.947148
0.947402
0.947501
0.947746
0.947783
0.947978
0.948047
0.948215
0.948468
0.948517
0.948532
0.94856
0.948627
0.948706
0.948961
0.949085
0.949119
0.949237
0.949276
0.949322
0.949357
0.949439
0.949616
0.949708
0.949866
0.949939
0.950033
0.950584
0.950809
0.95095
0.951221
0.95131
0.951341
0.951676
0.951794
0.95184
0.951993
0.952024
0.952046
0.952231
0.952287
0.952355
0.952684
0.952767
0.952943
0.953156
0.953199
0.953234
0.953442
0.953498
0.953508
0.953618
0.953671
0.953783
0.953874
0.953945
0.954077
0.95423
0.954261
0.954303
0.954376
0.954677
0.954748
0.954774
0.954982
0.954999
0.955038
0.955397
0.955499
0.955597
0.955775
0.955839
0.955932
0.956043
0.956095
0.95615
0.956159
0.956185
0.956207
0.956213
0.956378
0.956438
0.956445
0.956704
0.956802
0.956963
0.957024
0.957107
0.957232
0.957363
0.957414
0.957417
0.957426
0.957432
0.95748
0.957789
0.957874
0.958004
0.95804
0.958106
0.958119
0.958177
0.958337
0.958343
0.958415
0.958581
0.958903
0.958947
0.958969
0.959077
0.959293
0.959366
0.959624
0.959778
0.959866
0.959897
0.960003
0.960111
0.960167
0.960177
0.960347
0.960358
0.960412
0.960414
0.960604
0.960618
0.960786
0.960864
0.961007
0.961096
0.961111
0.961113
0.961152
0.961165
0.96122
0.961339
0.961403
0.961444
0.961486
0.961717
0.961928
0.961986
0.961989
0.962062
0.962185
0.9622
0.962408
0.962636
0.962657
0.962933
0.962973
0.962975
0.963004
0.963051
0.96306
0.963132
0.963413
0.963423
0.963578
0.96369
0.963752
0.963766
0.963813
0.963888
0.963895
0.963952
0.964137
0.964237
0.964248
0.964284
0.964416
0.964431
0.964507
0.96454
0.964543
0.964569
0.964572
0.964774
0.96488
0.964962
0.965103
0.965145
0.965226
0.965228
0.965514
0.965518
0.965535
0.965617
0.965941
0.965949
0.965956
0.966016
0.966091
0.966124
0.966126
0.966153
0.966161
0.966221
0.966336
0.966586
0.966588
0.966593
0.966778
0.966884
0.966937
0.967104
0.967208
0.96724
0.96728
0.967389
0.967591
0.967752
0.967919
0.968157
0.968197
0.968369
0.968427
0.968531
0.968671
0.96877
0.968787
0.968794
0.968937
0.969047
0.969449
0.969507
0.969715
0.969734
0.969777
0.970019
0.970077
0.970242
0.970249
0.970327
0.970397
0.970447
0.970472
0.970576
0.970951
0.97096
0.970979
0.970995
0.971008
0.97101
0.971124
0.971451
0.971479
0.97156
0.971641
0.97166
0.971831
0.972042
0.972079
0.972156
0.972235
0.972237
0.97225
0.97235
0.972378
0.972495
0.972618
0.972634
0.972683
0.972689
0.972704
0.972724
0.972734
0.972909
0.972936
0.97296
0.972969
0.973055
0.973065
0.973257
0.973382
0.973442
0.973448
0.97383
0.974005
0.974151
0.974402
0.974448
0.974504
0.974725
0.974878
0.974977
0.975038
0.975046
0.975077
0.975132
0.975149
0.97518
0.975298
0.975463
0.975759
0.975854
0.976281
0.976583
0.976627
0.976724
0.976757
0.976875
0.977282
0.977371
0.977418
0.977469
0.977617
0.978041
0.978041
0.978082
0.978123
0.978198
0.978241
0.978426
0.978535
0.978651
0.979101
0.979128
0.979142
0.979145
0.979263
0.979283
0.979295
0.979614
0.979663
0.979801
0.980075
0.980188
0.980195
0.980219
0.98048
0.980487
0.980717
0.980755
0.980782
0.980974
0.980994
0.98141
0.981437
0.981482
0.981504
0.981608
0.981699
0.981788
0.981803
0.981837
0.982008
0.982103
0.982226
0.982438
0.982665
0.982839
0.982903
0.982905
0.983081
0.983115
0.98322
0.983537
0.983559
0.983729
0.983742
0.983747
0.983752
0.983878
0.984309
0.984355
0.984474
0.98461
0.984614
0.984659
0.984955
0.984955
0.985105
0.985175
0.985182
0.985246
0.985252
0.985347
0.985367
0.985578
0.985619
0.985676
0.985822
0.985858
0.985919
0.986008
0.986038
0.986063
0.986273
0.986529
0.986623
0.986633
0.986708
0.986821
0.986834
0.986871
0.987037
0.987056
0.987067
0.987312
0.98736
0.987455
0.98772
0.987791
0.987923
0.987966
0.988031
0.98835
0.988689
0.988693
0.988712
0.98881
0.988826
0.988868
0.988966
0.989089
0.989314
0.989377
0.989553
0.989583
0.989655
0.989796
0.989853
0.990119
0.990155
0.990223
0.990388
0.990443
0.990471
0.990497
0.990653
0.990738
0.990786
0.990824
0.990991
0.991111
0.991189
0.991443
0.991514
0.99156
0.991577
0.991593
0.991608
0.991678
0.991766
0.992091
0.992092
0.992176
0.992262
0.992286
0.992741
0.992912
0.993045
0.993171
0.993192
0.993221
0.993311
0.993369
0.993536
0.993578
0.993594
0.993944
0.994008
0.994437
0.994437
0.994588
0.994657
0.994777
0.994806
0.994865
0.994945
0.994958
0.994967
0.99555
0.995655
0.995829
0.995835
0.99593
0.996012
0.996126
0.996194
0.996235
0.996328
0.996337
0.996694
0.996734
0.99681
0.996851
0.996928
0.996985
0.997075
0.9971
0.997133
0.997163
0.997301
0.997322
0.997476
0.997483
0.997496
0.997594
0.997599
0.99763
0.99764
0.997659
0.997804
0.997919
0.997931
0.998017
0.998414
0.998422
0.998483
0.99866
0.998739
0.998946
0.999016
0.99905
0.999072
0.999114
0.999416
0.999462
0.999581
0.999584
0.999708
0.999773
0.999829
0.999936
0.999984
