2 39
15 64
40 83
87 60
86 59
67 95
34 54
55 10
74 29
57 2
88 34
58 34
12 20
27 54
62 63
63 18
31 19
53 93
28 67
56 62
80 12
16 92
17 98
81 2
66 78
95 70
16 60
76 49
3 39
66 99
41 19
10 75
9 98
77 14
97 82
69 40
85 90
19 79
63 67
88 99
7 41
88 90
28 42
62 96
23 78
5 65
24 48
75 22
38 16
80 70
83 1
93 6
36 89
58 67
41 38
92 62
92 95
64 36
42 16
39 39
18 22
82 81
39 39
14 23
4 20
30 69
22 87
14 16
49 44
18 36
78 10
63 99
57 56
90 17
73 73
89 94
8 95
35 41
13 67
42 95
34 31
27 87
75 29
34 78
16 68
59 98
63 40
24 99
22 51
67 42
98 29
6 61
92 92
38 42
98 37
57 100
69 44
7 95
65 39
14 12
78 76
36 96
46 8
50 32
48 76
71 81
51 94
11 84
46 21
1 77
10 4
77 19
24 28
13 35
77 84
62 27
82 97
15 76
41 49
2 55
42 41
10 76
34 61
72 96
26 91
4 72
26 21
75 49
95 95
23 79
21 24
46 5
57 26
26 78
56 28
28 5
20 23
28 61
39 57
48 3
64 58
1 85
17 59
75 32
90 92
47 61
75 12
45 19
74 72
6 76
57 28
32 33
47 45
8 42
53 24
85 70
41 13
43 39
47 84
20 98
94 79
6 18
7 20
1 18
85 46
59 43
10 26
65 38
30 32
36 54
28 98
9 38
13 25
53 89
81 49
12 86
38 53
52 86
80 79
68 4
18 73
61 19
39 22
37 42
21 55
98 96
72 8
73 65
78 1
92 61
37 100
33 24
95 54
40 97
18 46
23 58
14 13
23 9
62 7
42 8
16 56
87 38
62 38
13 25
18 22
24 38
2 41
52 15
51 29
31 88
9 1
97 49
24 33
59 15
97 61
93 84
60 51
99 11
60 95
85 8
24 79
13 76
85 95
29 17
72 63
22 53
1 11
72 20
76 78
87 6
51 57
58 33
72 34
61 47
33 44
32 52
29 1
30 91
96 83
72 37
34 84
43 26
71 72
50 2
15 63
96 19
29 91
56 69
49 30
79 74
2 8
84 12
16 60
13 3
34 13
12 59
55 27
98 1
55 37
89 41
24 81
73 52
62 82
61 55
2 81
51 56
21 68
55 56
41 31
4 92
96 80
66 87
37 68
61 8
87 78
63 32
67 95
16 39
78 75
67 99
51 67
22 89
33 59
82 71
40 67
16 10
73 8
71 73
55 88
70 42
93 30
1 83
89 46
87 11
65 69
19 30
28 40
68 66
83 46
20 91
98 27
96 38
85 10
81 17
66 47
39 94
96 82
18 86
41 10
52 64
40 25
49 54
14 27
100 45
38 45
11 99
38 12
30 86
12 58
72 4
33 72
50 26
13 81
84 17
23 10
13 29
14 23
44 28
28 60
36 19
62 31
49 27
32 25
40 3
63 43
42 96
4 36
52 61
55 32
17 32
43 70
78 36
27 70
78 28
70 84
62 81
15 5
84 91
97 19
16 66
73 54
37 10
100 50
68 55
62 62
62 3
26 28
57 76
80 30
5 75
21 79
35 49
86 58
82 20
24 78
52 17
10 31
94 43
87 67
56 32
34 92
79 86
35 89
61 77
68 24
42 39
68 36
79 17
54 3
63 92
53 33
13 34
67 5
69 5
48 14
74 12
36 98
48 49
15 72
73 31
83 64
17 42
15 84
90 67
32 79
5 4
1 84
66 91
63 36
2 58
36 24
55 83
91 79
36 81
57 99
78 95
42 49
50 50
7 94
35 57
54 15
30 64
95 44
81 62
14 69
21 13
89 73
99 65
83 60
65 80
25 66
64 27
92 76
76 17
35 11
80 38
90 31
24 1
43 97
64 86
1 12
73 61
18 40
74 75
29 56
73 32
99 78
90 80
9 93
25 42
67 86
99 25
100 2
49 21
62 66
92 35
27 56
96 44
51 50
55 31
36 72
89 3
72 47
18 10
62 39
35 9
52 80
65 72
6 64
94 82
47 16
13 80
92 90
72 85
21 30
20 82
40 71
92 7
75 92
46 6
50 14
7 45
81 25
22 26
26 74
98 23
6 55
75 23
92 89
46 92
11 85
11 45
6 74
48 42
88 38
7 50
29 7
57 36
90 96
53 3
72 48
55 99
59 62
97 67
84 22
41 85
13 58
13 98
61 57
43 22
72 52
73 96
23 30
88 9
95 37
8 47
18 26
75 16
35 89
69 12
87 12
75 68
64 2
78 23
25 55
83 42
62 43
84 26
81 18
58 8
57 42
41 74
98 70
27 93
9 65
49 58
46 8
10 93
47 77
93 98
15 61
94 78
2 58
84 90
78 100
9 29
11 36
41 60
43 35
27 30
34 26
66 38
68 82
35 96
54 78
88 33
42 90
21 90
89 86
20 71
87 59
70 81
42 58
4 50
78 31
83 46
9 47
52 82
57 97
22 29
26 81
53 7
42 15
95 21
90 23
41 12
75 4
25 54
8 50
57 86
22 26
51 75
10 77
74 87
77 74
31 56
42 68
21 60
83 99
38 29
89 72
35 31
2 35
10 25
51 96
2 77
55 49
10 32
57 8
6 50
85 24
74 93
34 24
28 68
62 99
16 54
11 9
58 71
24 7
12 14
87 89
41 64
53 80
25 50
83 34
86 29
4 48
82 73
38 80
78 71
66 90
58 18
94 88
2 8
94 32
8 30
42 93
79 85
21 94
48 39
31 98
27 53
46 5
8 6
75 70
10 73
16 45
40 58
57 98
62 54
23 51
27 59
26 15
28 14
22 56
15 96
57 42
9 83
24 12
24 58
4 38
37 82
54 88
26 30
57 74
71 49
19 24
14 3
23 36
64 21
53 54
18 1
94 87
15 42
41 41
54 3
34 1
40 98
90 2
99 34
36 22
66 69
83 2
8 16
27 7
70 76
32 30
100 79
21 24
35 85
29 91
10 3
84 83
33 93
28 96
33 91
77 86
84 55
46 30
28 100
80 93
32 14
77 59
58 40
26 90
55 38
49 14
23 1
82 83
36 35
94 1
82 31
8 23
100 9
32 40
81 70
69 61
4 70
100 99
44 10
45 92
72 56
92 92
42 52
4 74
43 24
50 6
23 8
38 29
93 4
62 55
96 25
23 20
11 78
71 67
26 27
91 11
46 91
6 26
76 34
3 99
8 61
48 90
20 16
82 3
42 76
82 91
53 47
85 54
12 69
92 70
60 17
19 70
45 63
72 43
10 34
10 15
32 76
70 90
88 73
72 58
68 30
71 53
20 35
75 18
9 43
27 9
89 82
34 66
4 24
60 92
23 56
33 81
79 67
58 34
97 6
49 41
55 64
30 37
49 33
58 13
100 28
30 39
79 12
47 71
29 26
41 84
14 56
29 66
17 64
84 73
37 26
100 45
31 48
25 62
47 37
8 10
23 20
55 41
40 42
18 92
62 85
44 81
62 34
93 45
54 29
46 15
49 31
53 33
19 13
19 73
75 23
15 86
52 83
81 50
13 92
83 18
16 49
27 8
40 78
37 68
29 57
6 26
97 28
85 78
85 58
97 69
77 19
47 96
96 10
49 95
81 62
23 72
71 34
41 8
36 88
18 24
55 39
51 63
60 77
51 60
95 13
77 11
21 66
11 33
34 59
62 96
58 68
65 55
46 84
34 21
26 81
99 43
81 37
34 73
76 18
47 98
86 73
5 47
59 54
63 64
20 55
84 28
70 78
46 6
31 48
83 41
5 19
92 65
56 42
29 94
31 75
18 52
30 70
53 16
62 24
39 99
36 91
75 55
99 36
48 74
80 68
23 85
91 19
21 1
3 74
47 54
66 88
18 92
2 28
87 14
24 65
48 51
39 21
88 71
11 10
65 14
58 90
87 96
50 78
19 4
81 93
53 38
45 10
14 23
84 7
6 31
55 79
49 78
89 35
38 22
26 8
37 88
25 20
33 40
39 6
33 66
13 51
77 58
80 79
83 32
90 35
63 76
88 24
42 44
82 87
70 12
90 62
78 29
85 36
51 73
98 1
20 54
100 4
78 13
38 80
15 73
5 100
47 88
6 30
8 84
81 63
86 38
25 81
18 51
5 9
57 44
54 69
47 76
6 36
72 92
73 49
9 74
85 94
3 88
83 19
2 11
23 50
56 19
81 23
96 38
94 14
93 25
25 72
94 82
71 100
8 46
27 3
45 76
90 38
7 31
73 90
28 45
13 63
72 32
24 98
65 45
96 21
33 75
9 17
21 25
98 78
61 80
57 72
12 91
43 54
61 55
58 58
66 41
25 88
56 45
7 28
84 5
55 69
44 15
27 28
29 4
33 55
67 21
79 10
13 2
14 27
31 24
31 89
9 3
3 40
94 49
69 55
97 26
23 94
55 88
55 76
1 52
54 12
59 26
24 76
60 70
1 46
40 95
79 30
92 36
97 99
66 25
4 66
21 19
84 96
89 95
17 51
61 52
10 31
96 71
46 17
46 62
77 93
13 80
37 77
32 56
89 81
74 48
58 32
86 4
93 11
30 28
28 24
14 50
53 90
30 23
83 31
38 51
45 54
29 14
28 74
88 50
1 98
24 79
28 39
2 10
11 39
58 66
22 79
75 74
6 68
14 6
28 61
84 52
55 75
32 26
98 49
64 15
87 26
11 74
70 58
21 73
66 44
82 49
17 21
72 57
95 44
54 74
61 99
77 54
81 74
94 67
73 78
8 86
43 46
28 75
52 37
42 100
22 58
69 42
86 64
42 71
46 60
61 96
77 21
88 21
45 30
16 78
69 54
17 8
67 96
58 53
70 44
73 76
14 78
52 65
89 9
67 31
92 59
96 71
98 51
97 88
97 23
25 59
24 83
62 97
89 21
85 98
31 27
2 89
16 66
21 93
37 72
78 26
69 49
25 53
94 65
65 31
93 65
45 97
61 22
59 80
47 30
81 63
68 18
62 37
66 16
30 31
64 50
12 15
44 2
3 86
22 15
62 72
27 100
93 9
51 12
37 53
47 25
55 19
1 65
96 27
77 90
63 2
88 89
87 35
63 26
14 75
62 41
7 32
61 4
80 62
27 3
3 26
30 80
34 99
66 28
60 1
29 78
26 23
46 87
34 98
100 57
39 44
10 63
93 46
61 85
83 20
69 1
41 8
75 33
83 22
87 88
87 16
38 6
61 2
98 18
90 51
36 35
49 44
49 18
58 52
29 19
68 37
45 92
48 58
100 54
84 69
7 35
88 95
59 100
32 34
55 12
9 86
55 92
17 83
53 56
53 30
70 78
65 19
42 10
31 65
87 10
59 76
91 14
87 7
81 79
65 76
47 75
21 36
77 100
37 59
8 11
74 37
91 2
1 66
70 38
42 36
93 5
84 70
23 18
84 59
33 66
18 71
60 69
34 73
58 92
35 94
59 33
62 1
6 28
61 71
87 75
46 45
42 2
29 67
71 85
60 68
8 83
74 23
63 65
67 76
25 66
99 100
38 20
68 21
61 26
60 13
42 3
17 40
94 71
32 77
59 5
39 21
41 49
78 26
80 87
84 66
7 55
7 14
24 18
21 42
9 66
6 66
35 21
10 82
17 7
53 97
30 85
19 83
35 16
37 30
23 71
29 2
36 24
73 31
23 93
27 15
2 82
40 91
53 5
22 99
6 42
82 86
14 76
18 58
61 100
87 75
87 73
55 53
16 67
64 37
89 56
76 29
64 8
56 42
70 19
63 98
70 4
5 85
25 84
27 21
28 53
89 94
89 61
60 63
19 82
49 37
31 99
31 83
91 42
85 95
44 39
88 24
81 90
69 5
100 60
14 61
48 55
33 11
66 55
23 79
84 28
87 65
13 33
33 82
78 18
12 54
88 25
29 97
15 90
47 68
26 4
96 1
37 23
9 1
40 55
97 58
92 1
34 13
14 52
69 6
58 99
91 5
70 86
31 75
20 33
10 62
81 68
64 74
79 67
61 73
19 9
16 31
91 56
7 93
72 95
39 42
35 81
97 3
41 12
81 29
11 43
22 97
23 16
23 55
29 68
100 50
1 86
91 71
65 87
48 7
5 87
52 14
49 23
2 18
7 44
48 33
10 13
7 70
38 96
55 57
44 39
94 53
100 64
79 53
2 85
35 22
58 66
95 28
76 91
11 15
26 71
42 68
3 29
54 39
88 4
54 67
52 54
75 57
54 8
47 98
93 70
100 20
23 53
36 89
27 8
83 13
11 95
53 57
83 49
78 20
65 88
60 18
85 23
72 95
81 95
39 65
32 98
38 45
16 84
19 48
51 35
10 56
26 38
85 64
81 91
24 17
75 77
19 42
43 88
36 90
57 56
47 23
49 89
9 31
68 15
33 59
36 26
77 50
23 34
48 27
27 13
26 25
44 77
97 18
29 23
19 24
44 30
40 80
45 64
29 67
37 11
77 22
2 74
31 85
73 37
68 24
91 30
86 64
22 18
97 63
17 67
98 66
56 79
97 47
55 5
15 72
25 90
99 6
41 67
80 45
34 45
12 71
78 62
68 11
7 38
40 100
49 92
11 14
95 10
11 17
21 65
6 79
29 86
88 23
13 25
61 3
16 8
29 97
28 56
22 66
52 31
53 62
38 34
61 52
47 14
48 85
85 92
6 23
61 13
11 60
85 5
37 59
84 57
78 34
53 30
70 88
64 67
76 89
35 64
73 23
21 97
26 20
93 3
48 22
20 1
17 74
90 21
36 100
54 40
27 89
1 99
23 26
37 72
30 60
26 16
73 64
40 14
37 1
95 44
91 52
28 65
28 100
32 63
42 38
29 85
60 10
87 43
54 51
81 45
77 63
65 93
44 63
22 1
83 45
75 29
87 82
87 64
82 79
19 77
76 11
35 72
34 87
68 74
98 28
97 9
60 91
13 28
67 3
97 78
14 12
23 37
88 4
58 12
59 26
94 49
77 12
46 93
56 45
100 5
19 76
37 66
64 80
30 83
17 88
86 81
58 1
97 43
71 1
53 100
17 94
39 58
18 60
59 92
75 59
11 10
42 76
5 99
55 5
16 59
94 83
29 95
85 84
95 61
39 46
3 72
94 83
68 52
33 61
90 61
50 3
61 34
18 60
29 8
8 83
71 52
98 76
18 50
45 11
43 30
29 70
62 84
73 92
2 78
16 15
75 41
21 93
53 53
95 55
84 9
11 37
34 91
86 42
65 95
33 99
14 94
100 26
100 76
11 1
65 46
91 79
1 22
72 90
89 40
17 10
3 34
29 32
46 70
45 18
1 30
22 15
75 57
76 26
74 72
15 60
80 3
9 33
13 41
64 26
39 33
53 100
38 63
41 72
51 51
91 96
47 100
63 25
4 27
41 41
96 77
1 94
81 57
14 48
72 55
36 72
16 74
70 22
25 25
35 4
97 56
1 23
7 35
16 5
75 40
8 27
98 41
29 38
62 16
14 85
91 98
8 77
63 97
92 31
88 62
76 45
100 15
78 75
73 45
57 40
37 36
52 5
95 37
72 62
28 88
78 95
41 92
9 60
30 8
44 72
38 39
11 90
15 14
54 49
89 57
39 22
74 15
42 47
25 81
81 14
83 82
69 23
9 36
13 50
35 42
5 16
40 29
28 40
32 11
26 65
86 46
89 14
6 13
40 84
46 42
85 15
3 100
79 100
34 13
39 14
67 67
24 88
42 90
96 2
9 29
49 38
49 6
83 56
20 99
72 73
67 34
22 93
31 15
60 19
45 57
84 97
82 14
35 8
16 32
94 25
11 20
71 1
15 8
42 62
46 3
26 94
84 23
46 51
16 64
29 60
90 83
90 15
44 17
44 15
50 41
78 64
37 4
72 81
73 76
61 50
78 90
80 82
80 92
85 66
11 81
93 62
1 55
44 91
49 75
42 42
87 59
52 84
57 33
61 63
70 14
85 48
49 61
48 97
61 32
81 85
34 4
57 53
34 17
79 22
64 84
90 12
25 5
29 21
41 59
69 54
33 10
100 57
95 11
97 60
77 93
88 69
9 63
20 55
92 33
2 15
94 40
3 38
10 15
32 18
66 62
29 87
13 100
72 88
87 99
64 11
9 34
2 13
66 60
42 77
72 11
69 15
79 72
29 24
47 8
2 64
12 62
96 18
47 68
44 22
3 23
72 49
49 99
65 58
31 26
11 54
50 47
12 41
95 6
77 97
55 86
49 14
59 3
90 90
23 82
5 83
85 42
77 31
80 80
31 16
73 56
12 76
62 13
76 22
90 35
14 77
12 64
35 69
59 34
59 44
85 26
54 34
82 47
31 4
4 17
31 74
96 16
20 27
92 70
48 89
79 51
40 5
44 42
64 4
99 65
12 71
60 33
3 48
46 32
11 73
43 34
78 24
72 33
12 80
11 56
64 19
83 11
79 49
1 68
50 64
72 77
52 92
66 13
41 68
65 84
92 34
70 3
23 36
77 35
18 31
81 92
1 96
91 5
52 32
17 7
23 72
39 11
43 14
37 67
34 15
94 95
7 70
81 12
34 83
22 14
36 35
44 51
50 39
28 23
42 35
44 1
87 25
61 77
14 38
94 72
65 49
30 17
51 25
56 33
23 84
25 30
58 37
33 51
43 13
89 83
57 29
92 79
24 23
9 17
84 20
81 54
87 1
70 6
84 100
94 51
43 93
4 7
66 4
99 30
97 89
9 7
38 43
55 53
64 77
18 38
69 7
90 27
38 47
11 15
22 87
53 100
97 74
80 33
42 65
48 39
67 12
19 14
16 65
79 84
79 72
95 79
82 71
36 14
29 36
28 26
14 65
3 98
30 32
44 1
61 99
70 41
21 1
60 20
51 70
98 42
87 31
49 78
94 74
20 90
20 24
24 92
3 7
5 43
64 11
94 61
60 51
43 90
76 13
40 76
36 26
97 89
18 87
28 74
5 1
98 13
80 6
42 62
89 77
39 85
69 30
92 2
2 85
29 49
54 84
3 32
18 59
51 27
11 12
48 35
12 31
74 22
56 19
95 18
73 93
4 54
25 50
39 77
47 20
12 66
62 53
28 35
45 14
18 82
19 53
92 97
69 61
12 5
40 75
67 73
46 2
54 96
54 70
7 36
16 5
98 1
45 1
37 33
90 2
12 89
73 30
53 60
63 86
87 98
73 57
10 76
64 2
27 74
94 63
36 65
23 75
9 2
97 51
80 70
20 16
98 68
81 4
56 92
39 52
37 89
66 25
12 70
7 22
16 32
93 12
37 43
47 23
55 61
57 64
82 27
99 11
28 55
95 79
27 89
39 32
80 46
15 44
32 34
56 73
33 29
41 6
56 21
25 68
98 22
73 43
3 78
20 33
42 33
48 26
66 20
98 21
21 53
57 22
63 10
46 100
9 7
44 41
43 45
59 51
86 9
6 33
7 100
33 14
64 36
15 66
75 11
80 75
20 43
43 38
73 9
14 62
98 25
49 52
19 62
8 39
25 99
63 18
25 70
21 84
37 15
16 86
92 59
46 4
56 98
1 49
30 71
19 84
34 24
17 83
72 84
96 53
70 78
25 21
62 94
25 88
62 99
20 19
91 25
47 9
95 47
35 14
2 36
17 9
46 90
19 88
30 87
8 9
60 55
22 42
90 45
51 36
23 34
34 37
82 3
100 17
55 7
98 38
32 76
28 74
10 96
71 88
52 15
55 74
60 15
60 22
85 28
62 92
24 17
82 15
14 19
11 10
9 4
85 28
98 63
65 71
90 62
33 86
7 44
77 81
50 96
59 73
27 82
18 12
89 60
97 10
2 31
22 60
13 84
37 37
78 69
99 51
69 56
46 52
63 14
79 45
98 16
45 82
28 42
76 7
61 56
22 13
4 29
33 100
46 5
5 57
57 94
2 55
53 67
93 2
24 65
88 43
59 77
28 78
43 10
83 45
5 15
17 24
38 4
34 18
6 13
85 15
23 42
3 46
96 57
3 89
66 70
64 42
75 97
59 97
25 89
19 55
37 27
47 21
1 8
83 25
11 63
53 88
63 46
61 81
11 12
82 9
100 99
60 67
72 7
71 46
66 11
57 21
61 34
91 50
21 64
63 90
98 63
62 87
39 4
96 7
26 62
16 29
76 89
23 66
99 55
71 9
94 75
28 18
33 26
41 67
98 58
55 40
23 69
75 65
13 50
89 25
92 57
69 94
8 77
97 74
20 5
79 43
40 79
64 43
28 73
65 69
35 9
30 92
98 52
36 49
50 14
51 99
43 24
79 19
53 29
50 92
90 37
59 48
6 54
54 87
44 97
44 60
70 33
24 22
18 34
66 76
53 94
50 44
37 74
68 97
67 15
51 35
51 79
88 27
26 97
49 63
95 69
69 83
13 14
65 93
69 82
96 54
96 48
55 37
15 5
100 91
9 65
91 84
61 75
89 25
77 66
29 74
50 5
77 58
9 69
78 29
85 85
2 98
18 42
25 9
73 24
81 6
13 45
27 70
65 85
27 97
67 58
71 81
33 41
82 11
6 76
50 75
55 73
41 33
66 99
48 85
58 91
69 90
9 18
42 54
31 49
45 36
43 97
41 72
83 93
79 8
87 84
62 3
90 31
12 54
53 46
8 44
8 46
59 94
2 16
12 83
10 27
31 78
23 44
6 54
97 93
69 21
78 38
20 72
84 23
59 34
99 41
86 91
9 81
64 46
32 31
45 66
76 24
21 94
25 21
91 60
56 57
2 99
33 48
98 35
87 66
38 84
55 75
85 21
2 100
3 16
38 59
10 31
87 30
60 68
6 85
82 13
94 13
73 29
81 59
24 67
69 54
18 57
51 68
74 87
83 92
76 9
38 92
66 33
20 15
3 90
90 57
62 30
31 9
54 8
86 48
60 69
16 1
10 80
9 44
15 33
32 59
27 76
42 90
5 17
75 65
18 57
41 60
7 46
77 5
94 4
15 22
60 29
68 33
39 18
62 56
34 90
16 22
81 7
7 9
48 50
4 50
54 72
22 45
90 26
91 46
20 96
38 20
8 62
91 28
71 15
10 22
83 83
57 81
1 98
85 73
38 93
43 88
97 81
39 66
10 89
20 22
8 65
29 84
46 5
63 45
89 50
89 95
9 27
93 89
4 54
68 38
19 29
83 13
22 68
94 6
27 44
97 11
6 38
65 17
48 89
86 91
50 48
39 91
84 95
85 8
76 87
19 93
59 67
37 40
38 26
28 17
98 59
42 35
79 12
58 23
13 30
46 24
56 36
71 63
48 82
13 24
88 48
35 88
59 35
33 33
39 54
53 78
74 93
62 36
34 95
24 74
38 42
52 51
22 51
62 89
65 77
8 100
17 98
16 12
75 24
23 8
28 62
16 7
99 27
83 32
56 30
82 2
78 23
63 24
40 72
96 51
28 88
60 79
57 36
2 82
29 47
10 25
54 95
3 83
82 100
51 97
8 73
58 11
85 29
93 83
15 84
25 95
25 50
39 27
75 3
65 81
71 71
52 32
76 43
100 19
90 77
99 82
98 53
6 65
40 13
8 12
62 11
72 35
70 23
70 87
87 46
49 92
76 25
23 21
66 34
64 93
87 78
11 91
14 70
23 64
49 11
61 15
41 20
95 13
9 89
1 51
17 90
1 97
16 60
20 68
4 72
55 14
30 46
27 40
21 99
41 72
14 54
92 8
24 15
88 75
13 53
27 63
70 63
38 43
92 17
27 33
55 100
68 94
5 17
39 97
26 25
95 85
3 95
61 23
60 81
84 28
51 82
70 79
62 100
80 10
99 95
80 88
54 2
41 74
95 84
90 10
54 71
91 68
3 77
12 45
13 70
51 12
14 62
32 39
83 13
15 41
26 20
98 26
53 71
72 92
41 31
13 43
99 66
67 47
38 5
44 68
85 46
93 71
62 37
6 67
7 19
39 50
23 33
26 17
13 71
2 25
13 29
92 44
7 18
36 48
20 34
10 42
30 7
49 73
43 44
68 67
17 78
43 44
4 76
25 83
9 9
7 10
10 79
99 41
2 70
46 65
94 17
14 93
75 68
33 26
6 43
18 59
6 22
97 67
9 77
76 58
57 98
99 18
92 32
90 47
14 74
12 56
31 25
16 35
60 43
23 34
90 49
71 12
80 90
67 60
72 19
82 32
22 25
93 52
48 5
76 88
89 28
24 12
31 24
92 58
6 57
4 97
31 39
33 12
57 62
93 61
91 47
30 35
43 19
75 14
93 30
86 73
18 93
68 20
87 99
73 8
8 41
27 51
94 76
26 25
65 27
49 43
26 61
27 89
72 47
67 39
39 70
40 95
2 16
41 38
21 32
12 8
43 35
18 65
70 17
59 33
79 13
82 78
59 16
34 89
42 54
58 27
59 41
6 92
52 75
71 85
20 91
78 29
93 53
3 37
11 5
64 70
15 87
3 3
76 96
99 51
91 56
12 10
20 85
40 90
92 62
58 81
25 3
28 65
92 12
43 33
34 13
56 82
69 93
65 84
16 70
90 39
78 8
24 19
50 99
17 60
58 38
37 10
46 17
73 19
84 43
38 15
14 69
5 99
86 17
24 27
52 70
59 65
64 10
63 53
74 10
71 53
31 75
82 92
82 9
44 11
51 12
92 17
55 88
33 100
49 81
100 62
15 15
45 93
59 100
34 5
43 60
12 43
2 16
99 75
98 78
88 45
31 27
9 29
90 14
17 77
90 81
56 91
33 14
9 63
18 56
75 4
37 89
13 81
8 13
37 75
16 44
78 37
64 73
96 17
46 13
17 9
49 26
22 45
26 70
31 39
73 66
31 46
96 90
94 67
96 60
8 40
91 88
34 92
72 38
35 72
79 6
16 54
83 60
64 51
79 40
43 93
37 23
81 55
25 83
30 17
94 54
31 51
36 82
68 88
57 21
4 86
5 44
16 87
56 70
19 11
3 8
65 17
97 26
43 24
87 75
50 31
70 38
96 18
93 85
39 26
94 59
55 82
37 61
71 65
42 16
27 16
38 45
68 52
86 20
35 75
75 34
3 57
9 58
25 87
65 82
65 23
40 31
78 54
46 21
22 58
67 99
95 62
17 15
78 84
50 85
46 34
76 18
55 59
70 2
47 68
84 17
48 37
98 22
28 57
69 9
65 55
26 63
5 41
3 39
73 18
79 44
36 87
38 72
26 81
25 67
26 3
79 21
41 49
44 60
68 43
100 1
80 28
68 24
71 45
20 29
86 11
9 62
1 56
5 71
94 20
59 21
62 34
1 50
88 56
2 44
59 37
97 64
34 61
43 100
78 66
53 20
100 62
50 74
72 27
82 41
18 50
99 7
58 3
34 53
49 33
9 14
37 53
48 22
81 23
58 94
50 93
49 73
21 54
28 93
19 54
68 2
9 1
17 10
55 13
23 2
71 3
44 87
38 12
95 25
95 64
54 40
11 16
84 36
39 25
78 70
44 20
91 99
36 11
97 21
29 71
39 24
23 12
100 19
1 98
52 11
1 86
89 51
88 20
27 16
100 54
49 98
24 9
8 32
87 6
72 5
28 47
50 72
25 47
43 5
4 28
19 8
15 99
98 46
47 30
41 45
98 41
64 45
70 69
2 92
97 24
46 2
100 12
84 57
85 16
23 82
25 16
94 37
100 5
93 17
22 60
54 12
85 65
27 82
96 48
85 96
32 55
5 59
97 66
66 12
63 39
68 94
13 76
71 41
78 15
35 98
50 32
18 29
67 56
54 26
20 94
98 47
66 2
47 60
42 77
79 28
70 88
44 60
88 22
6 58
87 56
23 31
38 60
18 67
62 93
70 64
96 87
8 78
100 52
47 2
28 13
4 86
44 47
69 4
37 32
77 77
20 42
73 28
64 62
29 19
52 5
14 25
46 3
47 40
86 75
89 21
83 39
80 62
67 20
70 27
22 85
66 80
89 32
78 46
74 53
24 68
63 30
35 12
98 86
71 14
96 86
74 24
39 17
11 15
80 91
20 1
1 88
8 43
57 34
72 80
54 12
2 91
12 97
59 70
82 48
1 68
90 53
77 28
64 12
61 34
75 24
66 41
75 19
40 61
46 40
74 36
86 53
91 20
34 78
61 82
65 62
16 25
43 92
87 56
29 20
23 30
99 4
36 100
44 53
20 23
58 22
41 55
62 87
47 10
87 66
54 42
14 2
29 38
56 67
66 73
75 2
48 4
50 93
39 9
80 62
7 41
86 4
47 23
8 26
23 41
77 63
4 11
38 42
39 78
45 58
60 83
14 52
52 47
14 72
90 69
54 86
18 82
6 23
39 32
55 46
62 86
33 90
82 31
45 20
14 46
82 62
93 33
26 96
80 12
28 70
17 55
47 97
99 6
18 33
46 14
98 55
40 73
71 88
72 50
47 74
14 93
91 89
95 7
63 56
35 3
84 97
96 20
39 63
25 67
69 35
6 7
42 93
58 53
59 71
38 87
59 6
60 68
15 100
12 35
8 94
17 51
93 15
12 88
78 56
64 34
1 49
38 94
23 36
79 35
84 77
89 3
66 54
67 38
51 4
67 46
22 29
87 76
89 31
28 90
20 77
13 42
100 76
3 61
52 89
95 87
56 21
9 2
93 17
15 33
51 59
29 87
30 85
32 28
86 4
52 99
21 92
31 44
11 30
75 5
7 54
27 32
65 3
60 59
25 95
77 66
83 7
9 36
61 14
72 72
89 8
37 26
72 2
70 23
98 45
5 25
34 36
53 50
28 70
88 22
29 56
52 83
71 2
31 49
82 35
84 3
22 66
14 92
70 72
47 45
8 68
89 65
18 72
20 82
45 20
76 84
100 28
68 80
90 18
32 91
96 70
6 39
97 82
91 92
83 32
37 74
79 26
36 79
47 96
29 24
35 100
93 9
73 11
18 80
38 42
90 66
74 35
45 84
41 76
25 95
11 80
44 59
1 33
65 53
45 74
46 27
40 70
78 100
17 65
85 96
29 42
100 49
25 12
26 75
40 52
11 41
26 42
69 44
47 84
72 19
40 73
66 4
18 42
87 6
8 54
17 68
32 5
27 60
29 50
75 64
28 62
29 13
71 48
70 60
81 87
2 50
59 56
10 86
82 9
20 78
54 2
86 87
71 65
57 93
34 65
43 66
62 38
32 35
91 25
38 64
18 70
74 93
71 57
92 34
32 77
54 77
3 5
65 73
17 73
81 77
92 1
46 49
17 33
55 5
66 97
54 3
60 37
52 34
80 3
62 64
87 39
44 71
38 88
17 35
35 25
35 91
22 75
93 11
91 9
74 92
84 56
32 82
61 48
80 98
90 90
56 47
53 35
58 67
45 73
67 41
74 73
4 77
17 93
19 33
98 15
46 11
29 25
43 97
62 7
15 23
13 78
8 47
88 54
41 13
46 18
2 78
32 78
47 27
37 1
25 62
8 48
37 12
60 94
91 31
59 70
20 49
92 27
48 54
37 98
48 3
34 77
38 63
97 18
36 34
14 41
33 92
7 86
29 55
39 51
37 28
32 73
8 92
44 97
68 9
32 89
15 94
36 72
51 67
11 90
88 70
48 23
69 83
71 59
10 9
28 82
4 89
80 69
34 74
21 44
50 83
25 29
55 97
22 21
14 19
69 2
98 10
42 85
80 48
62 73
83 46
28 40
81 6
93 24
98 62
11 92
44 1
52 4
91 17
22 46
58 39
82 51
6 39
38 1
11 27
27 58
28 49
42 45
78 58
9 60
80 90
74 29
58 82
40 45
27 9
45 62
79 2
51 7
29 80
10 10
1 79
33 53
69 7
76 45
5 18
89 71
69 71
70 12
26 64
98 68
76 67
63 53
66 45
64 64
62 66
39 48
50 25
69 82
75 15
8 93
66 18
13 43
68 24
62 91
14 79
90 72
96 87
88 3
70 23
92 92
81 36
40 51
87 76
7 85
29 78
84 67
59 41
12 70
21 41
55 88
49 16
100 39
26 46
36 92
35 20
29 49
2 3
35 23
35 97
42 50
23 39
18 17
42 31
8 34
89 24
17 53
84 87
99 96
11 92
22 100
70 42
21 38
26 55
10 96
78 80
88 13
94 51
62 21
38 93
39 30
39 47
56 36
66 63
9 23
81 12
67 7
74 51
33 79
92 19
58 70
96 40
75 94
89 37
74 61
96 83
98 34
19 22
15 87
75 37
40 12
71 35
95 57
47 35
85 40
21 64
43 13
66 17
60 29
4 67
44 44
91 84
97 73
22 6
76 88
15 92
89 8
97 65
34 94
77 7
81 4
75 65
61 53
87 72
47 2
44 42
70 49
31 69
99 25
19 62
21 86
19 73
72 69
88 76
80 62
53 99
81 41
100 39
48 55
92 29
28 45
24 48
46 18
81 69
26 45
22 28
3 93
82 76
25 100
83 91
64 70
54 6
28 98
84 41
75 81
71 95
51 74
72 37
9 58
3 5
80 74
59 45
78 89
28 92
35 61
31 64
92 56
89 76
55 40
89 4
15 24
46 7
11 54
28 4
62 77
55 89
86 34
71 99
73 82
6 34
11 57
94 96
34 62
97 51
46 13
61 100
16 81
33 56
97 31
77 86
15 47
21 56
56 30
37 82
18 52
95 73
18 74
78 58
35 90
42 60
73 14
56 40
22 42
38 27
45 67
46 59
42 40
12 98
54 82
54 94
43 71
71 69
2 50
2 31
70 82
84 94
24 87
72 8
53 33
35 92
83 72
44 74
60 24
4 68
63 26
93 37
85 83
67 12
63 35
63 2
93 72
44 63
78 93
23 2
92 77
92 14
19 8
22 19
17 39
97 6
89 15
38 98
48 92
82 40
91 67
68 100
18 62
73 3
32 6
97 51
1 97
31 50
84 50
76 64
69 50
92 75
54 79
17 59
8 38
40 21
60 61
1 92
2 55
15 43
70 87
28 34
2 15
46 11
32 89
82 10
35 59
44 100
67 72
39 85
76 94
26 80
63 16
95 23
69 83
43 99
60 9
30 97
92 18
52 66
65 99
25 40
13 99
73 24
60 56
87 43
34 26
91 64
16 14
57 9
15 78
56 46
94 95
26 96
6 58
62 74
39 71
4 71
61 35
96 20
80 13
25 9
32 39
7 79
19 86
7 5
36 40
18 49
79 48
53 96
46 23
15 88
100 73
95 34
48 97
88 48
33 38
62 37
91 2
15 86
24 44
45 43
99 29
18 31
81 26
22 65
82 61
11 47
11 61
51 27
42 83
53 91
5 10
81 13
2 82
77 7
70 16
12 97
77 45
74 73
46 96
93 50
60 56
50 84
87 39
3 94
82 19
91 26
73 59
82 69
59 74
91 18
86 46
63 76
74 80
37 78
11 10
2 99
22 92
53 55
65 55
31 52
10 3
63 52
33 92
6 14
24 48
9 87
52 94
99 3
70 62
8 7
64 4
98 10
84 14
75 71
69 81
88 89
36 94
56 58
100 69
40 23
99 67
82 5
32 37
62 36
9 51
29 12
80 26
40 76
100 4
29 5
7 98
72 4
77 16
55 91
8 30
84 86
86 90
54 88
78 61
74 43
42 72
27 36
88 76
64 44
20 39
90 16
74 36
98 34
17 61
71 56
47 67
78 28
25 83
65 9
65 11
71 33
54 15
31 44
69 2
55 56
74 32
62 57
88 44
87 90
44 53
76 16
90 84
15 51
58 73
16 32
83 40
64 54
38 38
91 95
25 68
4 36
52 93
77 35
15 55
73 25
81 80
74 88
65 70
90 31
31 52
70 76
10 18
41 29
47 27
94 2
8 18
19 45
18 64
28 51
12 43
35 67
57 98
58 84
20 95
16 15
62 44
83 22
79 35
70 23
48 40
45 4
28 48
81 55
42 87
2 28
19 6
30 15
69 59
55 35
54 44
16 96
33 10
8 37
42 89
99 71
72 59
18 62
12 3
21 73
27 36
15 16
64 18
60 9
15 51
50 66
25 85
90 34
33 4
24 14
34 2
53 86
86 6
80 32
71 73
75 52
44 82
79 48
30 41
39 34
67 26
53 60
35 39
82 36
89 15
7 36
16 5
100 51
63 64
23 53
74 68
64 15
38 33
67 22
82 14
91 42
99 32
78 54
13 100
17 78
95 31
94 12
65 81
18 95
11 17
72 29
41 10
15 27
89 56
79 58
76 29
87 32
85 22
25 79
39 86
30 82
81 41
47 38
75 96
69 50
74 81
10 17
43 9
4 95
13 57
9 99
52 57
39 73
38 74
92 20
44 96
1 37
48 95
61 37
66 29
56 23
68 4
17 1
10 15
47 100
29 71
15 78
70 20
7 8
10 6
41 57
18 5
19 14
36 79
89 21
8 44
60 95
40 66
98 84
84 38
77 94
59 30
80 19
77 57
96 90
17 28
23 21
63 79
23 50
17 75
81 60
23 17
39 89
47 79
55 63
66 93
1 4
29 70
53 73
39 52
20 79
83 54
91 41
72 93
25 96
3 1
80 47
57 44
68 98
13 55
19 62
8 84
40 67
68 88
72 76
10 42
74 38
31 95
52 64
25 75
18 6
5 4
91 1
36 1
92 61
62 38
15 88
50 95
24 58
39 82
76 93
95 9
95 76
58 58
46 63
53 1
73 8
40 31
12 64
77 81
9 87
94 72
61 45
48 26
64 26
80 81
26 44
54 54
1 72
29 89
41 37
42 27
70 7
64 96
41 32
83 22
54 27
40 30
72 58
81 93
45 62
93 50
16 72
98 57
19 15
77 95
98 71
30 61
37 15
97 10
34 98
44 49
47 6
69 54
57 79
14 60
1 63
56 15
33 14
29 87
22 100
9 16
72 80
74 91
79 47
67 17
6 42
66 35
49 24
21 50
86 11
31 7
43 1
75 69
57 62
29 18
93 28
96 56
84 97
18 89
11 96
1 61
5 99
46 98
99 52
40 88
26 23
4 30
59 55
35 73
1 31
71 84
96 78
17 23
77 50
62 75
30 61
32 50
3 66
100 44
49 39
70 10
2 66
57 74
82 9
83 18
32 61
79 59
3 99
53 85
27 22
53 86
71 15
64 92
37 94
60 91
96 36
27 14
36 21
33 33
91 61
9 27
86 49
32 5
67 83
20 78
34 22
65 72
22 6
33 60
69 60
49 41
47 40
94 74
11 24
29 48
74 40
35 90
24 19
28 64
51 93
6 39
31 45
52 35
7 21
83 60
94 63
9 77
86 87
96 21
71 34
29 80
67 57
54 30
65 14
17 94
32 38
98 66
9 16
27 89
71 20
57 61
93 28
98 30
45 84
89 23
89 4
37 67
15 25
30 31
97 71
4 2
92 93
58 60
20 46
50 68
97 41
37 4
52 3
65 50
1 47
1 12
100 73
41 67
77 3
95 49
28 49
13 12
65 83
16 54
81 40
72 50
13 25
73 87
78 91
78 68
38 69
63 20
32 41
52 19
54 17
52 68
67 33
52 60
27 31
69 10
67 58
31 1
64 91
54 48
8 56
20 28
22 82
77 43
41 98
32 74
25 7
7 72
49 30
20 34
96 42
21 26
82 83
13 32
65 60
36 85
77 20
69 94
63 53
45 77
80 90
63 38
18 51
34 77
71 5
67 70
6 56
43 97
58 59
95 3
84 67
14 32
41 24
83 74
48 99
76 50
29 53
14 62
33 66
46 67
88 82
27 20
69 24
45 82
24 20
73 89
94 82
50 19
92 3
7 96
77 71
78 58
62 16
73 46
87 11
59 22
20 72
25 52
3 34
37 11
35 19
26 20
50 17
46 80
79 83
41 36
27 30
67 58
49 99
83 42
71 19
56 22
15 80
68 14
10 52
68 75
8 39
28 67
16 93
3 42
45 44
4 83
21 44
22 76
53 9
74 82
58 97
27 80
50 33
22 75
1 47
22 30
54 50
61 54
37 38
29 33
67 95
70 11
91 52
100 69
35 46
56 78
94 27
62 38
92 16
33 45
65 34
22 36
45 12
38 54
99 19
31 49
7 64
29 41
18 6
21 94
13 68
34 30
9 29
22 78
41 4
71 89
37 63
90 13
17 82
83 21
37 77
91 14
99 74
26 46
89 59
45 73
5 88
28 82
75 32
71 70
58 98
22 20
61 94
88 17
67 100
12 92
60 95
23 56
31 2
29 12
8 79
36 60
87 13
77 63
38 40
76 60
62 54
30 65
61 28
13 68
50 65
92 87
58 30
80 63
89 83
86 41
52 65
89 74
30 37
79 83
32 96
75 87
37 19
89 67
74 73
65 86
86 38
77 7
66 46
50 95
19 10
69 84
48 98
42 2
66 80
76 68
92 49
6 22
28 97
14 52
79 76
48 55
56 98
73 2
60 46
57 5
64 66
37 40
28 30
33 94
91 51
5 92
71 26
82 39
6 54
4 63
100 61
34 60
35 50
41 6
1 42
64 15
61 60
99 27
77 20
35 1
94 54
18 81
32 24
47 41
71 3
48 87
42 90
66 83
59 93
61 65
20 20
68 78
5 56
87 44
18 32
28 71
58 44
86 5
15 82
85 64
20 27
54 66
84 33
57 5
61 12
64 13
97 73
38 15
24 41
85 35
19 11
91 20
63 38
7 22
72 81
47 12
7 88
45 55
87 2
91 43
32 51
72 61
93 68
75 8
71 96
61 32
32 1
10 60
81 7
55 35
100 41
91 49
87 46
39 22
85 14
52 75
60 77
23 4
75 10
90 43
96 56
74 11
14 93
71 71
17 16
99 63
74 57
7 11
37 50
34 23
96 60
96 79
30 50
42 20
23 50
26 35
10 82
65 68
72 48
31 65
99 52
23 76
15 30
24 30
99 40
15 90
47 9
14 2
49 19
41 36
66 10
94 31
82 93
66 79
87 1
50 18
17 92
67 25
86 35
42 2
76 43
90 44
43 65
3 84
57 92
87 28
71 50
47 81
14 62
25 68
85 33
59 43
25 40
55 42
31 89
28 92
64 79
19 15
99 11
59 68
54 65
30 52
54 43
69 28
1 56
10 44
8 92
24 10
38 51
66 43
2 83
20 94
24 30
46 52
11 32
18 64
69 56
76 48
76 65
52 20
63 64
12 61
72 69
47 96
65 46
29 60
68 14
60 38
7 93
2 87
52 59
52 11
25 48
82 40
39 99
20 33
89 66
5 28
3 65
69 74
40 96
32 5
4 54
57 50
62 63
40 1
4 61
32 81
75 75
92 32
30 74
36 43
54 1
19 30
11 51
30 14
33 66
11 43
66 46
95 88
67 54
100 20
98 46
72 46
93 30
6 45
74 85
34 26
34 62
67 37
12 75
46 90
68 11
90 84
87 46
54 78
24 42
6 90
7 33
18 42
25 96
71 81
77 73
80 90
98 36
84 71
36 91
28 69
100 44
80 53
46 79
57 78
68 88
2 6
17 78
19 42
39 13
61 57
90 54
15 75
41 64
60 63
57 93
30 54
13 1
10 63
31 13
93 43
60 84
19 39
23 14
62 76
98 83
30 74
41 79
78 85
55 13
33 64
95 17
74 15
83 41
64 36
10 56
22 60
55 5
43 19
1 13
73 13
26 92
23 50
71 44
83 93
61 76
100 76
12 4
17 83
51 48
14 82
64 54
8 19
69 56
76 17
4 54
42 21
11 20
4 15
99 19
76 1
6 65
73 10
18 74
55 90
84 31
80 55
17 2
15 39
83 28
75 89
63 58
99 97
33 36
52 16
54 13
42 47
66 87
88 66
100 14
83 36
10 90
73 61
35 58
15 4
68 74
51 75
86 53
78 71
5 35
41 16
42 9
69 97
77 3
29 20
23 88
39 17
53 12
91 87
68 26
79 98
92 2
2 59
62 6
11 9
95 2
25 29
85 64
81 85
8 100
3 4
29 6
89 61
66 78
12 36
39 88
48 73
87 7
10 13
22 25
8 38
69 13
45 14
78 45
5 9
50 55
71 94
73 9
78 32
28 92
41 94
52 57
2 10
42 81
44 21
10 27
75 17
89 31
65 15
34 22
71 71
92 3
13 82
88 52
46 22
80 49
66 28
88 63
89 23
44 69
28 51
15 36
58 76
42 49
32 56
36 75
45 66
84 69
93 44
84 61
40 92
25 33
62 90
74 70
28 57
74 43
70 87
68 15
71 6
13 46
84 13
16 57
64 90
5 100
99 37
84 72
78 32
27 21
59 76
47 86
73 28
38 62
34 25
49 69
99 99
81 27
39 10
87 28
68 71
60 5
2 35
20 58
78 67
78 45
35 2
89 58
82 13
42 79
35 82
46 77
29 43
82 20
6 51
68 91
33 36
83 48
28 59
73 35
65 86
67 96
27 33
94 6
16 86
86 69
6 52
28 24
55 62
88 44
13 24
59 19
70 47
37 80
87 82
30 94
95 79
41 23
55 11
34 95
71 61
92 65
39 17
6 69
67 44
60 75
8 33
4 63
96 96
46 14
80 22
95 96
32 32
77 62
94 1
59 93
51 9
86 91
6 35
5 81
30 9
21 15
58 99
60 44
63 73
63 53
23 49
13 80
75 100
13 75
70 11
31 11
55 37
48 94
71 52
92 68
12 77
59 85
17 88
26 62
27 99
99 22
55 14
75 91
58 34
83 85
65 2
89 98
60 87
88 11
45 59
15 9
17 32
87 4
91 18
82 52
12 66
98 4
33 16
49 12
87 84
47 98
44 80
18 13
75 62
80 5
65 31
30 29
48 27
12 73
73 55
85 26
45 95
28 8
70 73
51 72
35 69
95 19
27 39
13 21
45 34
59 29
51 58
10 55
19 8
6 59
79 13
34 6
92 72
54 98
60 16
38 35
81 5
77 35
21 49
82 93
21 39
18 58
43 79
34 92
40 60
66 80
4 58
46 13
87 14
3 61
87 25
81 44
7 4
41 31
20 100
10 46
22 44
80 61
69 50
26 51
60 96
51 12
6 68
43 18
35 10
28 78
57 28
29 44
63 14
89 46
2 63
95 64
3 52
65 61
41 75
27 17
67 95
17 92
19 6
95 58
76 74
12 52
24 5
73 26
3 15
27 9
32 90
12 10
57 96
85 7
26 6
84 50
80 36
13 12
40 16
82 52
85 24
31 76
2 16
85 51
49 19
50 7
30 49
78 17
12 73
81 7
77 11
57 45
61 65
14 87
45 57
30 86
79 39
57 1
49 5
13 54
30 34
51 53
68 59
95 96
68 15
56 20
2 74
19 79
68 57
60 90
65 39
45 56
7 35
23 36
82 96
54 16
41 73
13 15
38 54
70 28
25 86
75 3
57 64
17 99
2 87
19 52
22 85
38 67
87 23
92 12
72 97
79 84
84 42
52 84
83 49
91 72
86 15
61 99
89 59
15 58
31 65
52 94
50 71
6 95
43 17
53 55
41 65
36 51
93 82
44 44
4 41
91 57
96 28
2 9
64 60
17 19
91 30
14 28
10 18
84 91
1 60
56 74
63 70
58 17
41 34
26 37
17 44
13 23
63 55
46 92
68 12
76 51
57 54
26 21
46 28
24 48
92 96
79 11
67 70
80 53
72 100
29 25
26 87
45 81
3 86
38 65
70 77
87 97
6 9
30 69
54 58
18 97
79 65
34 58
69 31
90 40
30 22
82 64
23 82
56 83
32 15
13 35
98 1
23 74
87 99
36 53
85 76
75 11
99 44
83 2
69 75
17 65
30 67
3 99
83 22
89 90
37 96
7 100
27 42
2 6
13 61
80 17
45 35
42 6
56 3
28 84
22 68
100 57
25 38
78 33
39 49
68 70
8 87
44 77
91 10
55 60
75 61
24 56
20 65
84 1
25 83
93 40
70 28
27 83
36 69
51 27
7 24
26 31
39 43
49 84
40 64
91 5
28 100
62 95
91 20
39 56
52 88
28 25
71 54
95 20
89 95
60 65
23 52
77 19
27 84
6 53
43 44
28 24
31 47
46 78
86 62
61 45
83 55
51 87
10 94
11 52
8 80
7 54
11 56
12 93
35 30
57 79
92 37
97 34
13 96
90 76
20 73
78 5
39 86
69 99
83 12
63 34
63 88
20 27
78 75
64 15
69 33
80 11
99 17
74 98
74 49
4 49
31 16
96 91
4 51
23 57
13 88
15 67
84 19
89 7
90 63
15 21
99 77
6 93
23 71
48 85
50 32
28 82
41 2
5 24
38 80
40 12
6 14
44 86
77 65
68 7
61 23
24 24
2 78
100 20
18 67
50 67
45 11
24 51
91 93
1 3
33 43
84 77
88 38
5 72
80 58
100 62
60 75
60 8
90 52
84 16
50 26
88 63
70 76
22 87
45 32
58 34
52 35
75 19
4 16
31 76
37 22
30 37
75 51
37 32
11 47
81 62
12 46
54 61
34 57
9 15
50 43
98 29
64 55
66 63
90 92
64 95
98 54
25 16
49 35
49 97
49 44
68 26
11 12
13 94
21 45
38 14
44 70
52 41
69 33
64 57
30 90
94 29
10 40
49 6
76 27
68 75
27 53
23 71
77 88
9 98
47 32
83 57
45 33
97 98
43 28
77 76
27 51
89 17
92 41
62 76
38 7
72 81
34 87
49 14
24 23
32 53
68 6
55 3
62 40
88 35
62 4
74 80
10 61
59 43
33 14
85 49
36 7
59 35
66 55
10 31
90 79
16 41
39 59
19 74
23 11
57 25
1 53
50 94
91 26
94 96
61 45
33 38
58 3
33 34
55 67
99 21
29 2
72 61
58 11
5 11
8 19
16 19
13 99
61 94
66 32
98 8
71 24
15 50
43 59
44 14
65 65
39 8
13 18
93 43
19 82
4 48
52 46
54 6
51 2
28 15
87 49
13 14
61 70
37 46
21 20
86 18
67 88
78 5
40 41
13 27
23 24
68 77
77 29
38 18
32 50
62 50
26 27
1 59
65 34
65 46
2 8
67 31
71 43
29 52
25 61
78 99
74 25
78 77
53 85
81 22
51 100
39 51
74 100
62 31
56 70
95 93
23 33
69 8
83 36
27 44
99 52
80 44
43 34
9 57
9 80
37 34
3 38
96 57
8 19
42 85
10 25
45 55
4 53
90 18
84 2
76 98
19 73
89 61
43 33
29 76
25 96
76 4
19 85
96 32
24 80
35 57
3 15
5 89
80 74
37 32
89 13
36 93
89 96
19 51
19 72
39 91
32 96
46 25
64 94
99 65
42 63
76 20
83 24
83 47
17 50
63 95
88 69
32 62
73 41
62 93
85 97
98 10
84 27
69 64
46 83
93 36
30 32
50 90
33 96
21 65
89 87
63 31
31 38
47 96
82 48
56 5
61 22
26 36
87 51
15 94
37 2
27 48
79 31
79 86
10 79
53 73
97 4
45 31
15 88
62 44
49 33
83 79
37 25
72 94
34 79
100 34
80 34
44 94
30 56
38 73
34 17
10 94
61 69
97 32
100 15
52 78
62 100
71 80
4 52
14 31
1 71
14 34
25 26
49 25
15 15
40 18
69 86
49 70
85 34
84 41
50 20
17 61
25 33
22 84
89 78
91 24
23 3
95 26
18 60
9 50
50 32
47 34
75 99
25 37
29 31
81 11
69 97
21 14
66 32
22 2
93 46
36 100
50 31
90 79
48 15
52 69
3 83
98 5
19 26
82 56
68 44
76 61
60 43
93 80
97 78
30 23
48 30
11 16
20 95
28 5
71 3
34 69
29 93
9 54
7 12
64 7
3 69
2 60
64 87
84 28
49 69
55 10
93 5
39 83
26 87
80 87
78 68
40 66
6 96
77 13
73 62
76 33
50 54
2 44
94 19
42 17
75 19
44 64
70 75
36 2
44 75
94 18
67 54
81 29
60 18
41 92
98 14
49 31
49 95
64 24
27 69
12 64
79 22
29 29
21 12
51 69
6 47
98 97
68 33
65 54
72 57
17 32
89 74
44 89
88 69
89 20
50 59
97 41
53 24
50 88
27 89
91 31
27 8
65 29
86 17
29 93
13 71
38 60
100 77
47 18
46 70
56 61
82 47
97 47
9 83
24 33
72 4
57 97
81 72
46 30
25 42
100 88
69 90
43 65
45 90
76 22
52 75
85 11
14 24
41 34
78 77
82 61
44 94
79 66
22 9
70 19
25 85
38 74
14 100
84 86
49 51
43 62
58 9
81 81
71 42
48 84
10 97
1 12
62 27
51 59
95 33
75 24
65 12
95 73
77 100
25 65
68 59
18 22
32 10
87 84
85 56
70 62
43 14
95 33
24 36
25 55
96 46
15 82
95 96
88 33
38 70
43 50
30 46
71 9
66 4
95 44
20 20
88 67
34 22
34 9
56 19
47 59
40 58
86 37
97 6
25 27
97 42
57 35
35 76
62 56
99 62
73 56
79 53
4 45
26 56
58 68
59 74
31 31
33 67
94 36
60 8
8 51
74 27
64 13
46 81
49 50
65 3
2 92
35 71
57 72
17 4
53 12
1 63
12 22
93 20
93 4
39 40
39 92
76 24
43 26
4 89
50 8
10 33
73 29
97 59
8 13
89 34
21 84
53 48
23 41
33 41
15 9
96 96
77 91
96 6
46 86
49 28
12 65
3 35
23 19
43 63
15 24
79 34
70 98
61 91
91 87
13 9
66 18
61 46
42 19
15 34
73 13
89 26
44 82
100 77
66 53
21 32
97 84
43 37
22 11
99 86
4 17
48 82
36 47
36 17
55 65
62 16
69 66
40 76
13 47
76 11
65 100
85 14
34 97
57 25
11 22
84 24
15 10
8 35
88 81
87 73
23 81
60 44
21 13
49 68
19 99
61 33
85 32
53 54
71 93
17 63
80 68
100 29
98 39
79 24
67 16
22 42
55 70
80 91
65 95
38 27
18 39
33 59
12 96
19 62
75 85
38 100
54 60
35 93
63 31
38 90
60 83
51 52
49 96
13 11
78 96
29 78
35 90
61 53
73 48
9 16
46 88
21 66
64 51
80 4
78 7
77 51
99 95
52 63
71 17
72 77
83 3
79 8
81 69
1 59
4 49
20 58
77 64
90 38
58 100
29 50
70 75
12 12
96 63
43 67
77 6
21 74
16 81
19 36
69 11
92 42
26 3
19 98
55 69
85 81
60 44
12 19
31 34
10 93
8 48
6 20
85 2
12 73
22 1
47 52
1 81
28 8
30 85
80 6
64 88
34 34
3 87
30 63
13 45
25 63
34 78
66 14
41 62
16 57
60 8
65 38
79 30
91 86
92 48
5 92
81 57
84 24
70 80
18 66
29 87
95 36
87 56
78 37
89 73
90 92
30 85
78 48
31 35
78 17
60 47
39 27
45 3
72 61
49 76
18 81
90 1
49 82
89 62
40 10
63 5
15 97
81 93
94 65
11 32
13 24
99 51
62 47
56 47
82 68
13 6
72 22
96 46
67 79
11 49
14 87
29 90
17 100
72 32
25 37
5 76
31 46
48 95
58 88
43 32
58 49
41 75
93 7
16 79
80 93
30 41
69 54
78 85
48 16
71 9
51 80
57 52
62 41
28 96
10 86
97 59
24 28
93 58
97 46
5 44
42 71
72 73
77 61
67 2
46 43
94 4
55 6
41 31
84 44
2 6
76 9
34 52
28 41
6 40
68 89
87 40
59 40
71 86
10 26
43 44
33 56
2 75
26 95
27 10
62 42
42 20
14 89
2 26
37 40
95 49
98 46
42 59
56 78
78 28
80 31
82 4
87 20
98 47
88 59
42 45
84 37
4 39
53 26
42 53
36 61
20 48
42 95
51 19
45 12
14 54
98 26
24 34
2 73
99 27
1 75
47 43
86 80
53 38
25 84
89 30
65 88
54 45
98 15
49 25
25 50
21 92
49 58
2 40
95 76
63 57
93 85
25 8
60 39
64 2
29 60
8 45
16 21
80 54
96 78
73 76
82 84
11 47
53 71
11 25
1 37
32 53
31 30
60 1
85 94
25 86
7 48
89 41
36 9
58 96
36 27
14 58
86 54
78 63
34 44
39 43
78 44
90 8
20 55
24 2
26 45
69 55
65 45
54 19
91 82
61 34
60 36
32 15
62 16
60 23
16 55
7 7
100 38
95 22
65 94
58 86
67 36
71 48
80 76
19 6
63 53
7 2
71 44
75 20
22 6
40 20
94 15
90 56
28 5
57 98
39 57
93 18
12 100
88 43
100 35
58 83
61 19
59 44
16 55
92 29
62 81
79 53
69 65
64 50
78 83
28 53
25 78
21 85
53 79
86 93
8 80
45 26
41 90
22 77
40 42
22 93
65 39
83 95
77 79
98 43
50 90
34 6
70 63
31 68
33 66
43 24
26 66
44 98
46 60
50 25
27 3
2 21
73 69
2 26
54 30
87 9
67 60
17 18
25 79
6 35
81 74
50 4
76 52
49 20
78 72
6 87
33 43
94 76
4 36
32 1
44 90
91 16
3 12
64 92
79 61
91 45
17 57
8 8
19 24
50 3
19 81
62 36
77 94
92 83
71 90
80 80
91 99
31 21
52 10
40 37
24 43
24 18
41 25
60 17
83 5
98 52
6 65
75 83
89 25
48 17
2 97
30 68
42 58
18 71
27 69
84 69
20 24
7 28
45 100
34 87
36 79
38 58
63 11
8 49
63 98
8 19
48 36
46 73
50 37
96 40
96 87
84 79
98 100
35 72
4 88
62 49
13 66
9 6
2 23
69 61
32 47
18 48
47 70
1 78
67 6
69 89
78 43
5 64
60 71
65 41
48 8
93 39
20 50
79 71
82 57
79 56
32 66
49 22
17 13
50 40
85 95
38 4
83 65
89 63
76 97
48 48
91 31
18 34
99 47
12 50
25 13
5 73
34 85
66 82
3 24
89 27
63 6
94 97
33 97
26 89
19 42
64 64
38 43
42 22
95 73
65 35
97 79
55 98
48 31
96 62
1 47
26 74
99 2
94 36
9 100
48 61
1 99
90 51
9 43
44 26
24 9
25 1
23 55
86 52
52 63
27 86
90 6
50 61
27 83
53 44
79 80
98 72
66 58
93 57
79 83
84 79
69 1
5 57
42 90
29 65
27 43
43 66
8 45
93 9
48 8
83 37
27 30
32 25
33 48
37 96
78 27
66 57
88 62
47 26
88 50
96 77
25 26
57 72
9 52
29 46
38 43
56 56
92 54
82 93
19 58
82 65
52 91
39 70
35 37
90 29
39 48
11 99
66 4
8 3
34 99
48 71
36 79
9 97
99 45
97 92
48 78
49 54
70 72
98 45
7 68
95 73
1 49
7 16
9 65
97 41
11 42
17 61
24 44
69 47
28 69
64 45
80 30
53 79
52 48
47 40
100 33
92 27
24 63
63 24
79 97
87 99
20 49
45 63
16 62
60 19
43 16
51 49
75 100
2 12
73 12
71 92
81 38
100 78
21 88
4 86
76 88
34 40
96 77
22 70
65 25
67 48
96 88
39 7
1 10
5 80
95 44
29 44
56 93
71 76
15 30
65 78
100 90
26 24
25 56
82 10
59 58
5 59
91 35
51 32
57 79
25 3
28 37
29 49
95 1
45 90
60 51
90 18
19 56
8 33
49 40
5 86
58 79
14 35
51 92
23 76
84 22
91 58
41 97
55 62
11 1
99 50
18 58
39 23
73 68
91 4
93 27
78 46
53 45
31 53
89 7
35 30
54 25
25 81
54 82
4 84
48 99
65 76
78 75
49 60
73 43
75 68
37 31
5 7
13 77
54 41
69 11
48 94
15 3
45 27
7 98
16 18
90 62
37 43
16 74
67 30
32 98
61 79
48 18
98 97
3 25
42 90
7 54
97 9
10 72
62 81
91 3
41 81
56 94
41 52
24 42
85 80
30 43
40 45
12 66
50 47
61 43
16 76
39 95
63 23
61 76
85 46
87 64
13 57
68 95
92 95
81 53
8 92
23 96
100 35
67 38
28 34
27 13
58 73
24 82
41 91
86 63
81 55
27 69
3 9
52 65
71 87
88 91
51 26
31 31
57 77
74 78
48 70
47 85
79 38
35 7
99 10
42 45
14 59
31 85
67 38
37 37
20 32
66 58
74 47
45 62
56 50
77 45
67 78
99 74
84 58
72 14
89 47
57 31
41 39
35 66
70 19
55 73
74 63
84 71
82 31
94 100
68 63
7 49
23 54
100 59
71 39
83 28
4 47
94 31
48 27
67 43
87 69
5 38
30 64
5 30
57 89
78 17
94 11
86 81
99 3
70 54
70 81
36 55
83 30
19 54
18 18
2 100
39 11
61 28
14 46
40 51
30 10
97 57
29 51
48 81
20 33
33 6
5 41
54 20
10 83
34 73
24 61
41 2
24 10
97 4
13 14
20 99
70 89
55 59
61 59
86 38
92 63
13 23
90 99
79 96
14 74
80 62
72 95
100 59
20 37
90 24
7 56
66 84
31 63
27 29
42 38
44 90
62 18
41 49
8 90
41 1
66 76
33 59
93 21
51 36
51 5
88 18
9 91
14 4
8 8
23 7
85 48
54 22
95 97
15 92
64 47
85 41
86 69
37 34
79 90
18 77
79 66
7 9
22 91
24 37
6 39
57 27
65 75
99 6
93 73
37 28
59 17
14 34
3 73
7 93
55 83
44 11
54 79
2 52
10 53
40 9
79 16
46 26
50 88
17 59
43 94
80 29
26 13
18 14
92 50
97 3
68 35
94 44
95 81
62 73
38 1
93 95
89 4
9 40
37 89
30 15
70 47
83 68
21 66
35 32
37 35
93 31
62 75
84 69
39 43
15 91
25 10
1 54
12 7
72 1
85 66
83 24
52 92
28 15
98 1
94 87
3 70
88 79
78 87
50 95
97 50
89 62
23 53
34 28
67 72
25 46
46 99
4 16
4 34
93 75
71 34
75 93
65 39
10 78
83 10
16 77
61 90
52 38
76 53
49 36
86 88
66 1
37 91
44 73
90 81
63 49
51 68
46 49
43 67
54 60
73 45
58 18
32 26
72 39
25 31
57 86
9 78
61 36
33 34
73 58
51 16
26 39
7 67
27 67
69 50
58 89
37 47
39 76
24 94
20 13
5 58
88 30
25 15
42 9
38 49
77 82
74 32
74 47
38 17
57 7
20 27
56 93
94 29
40 86
96 75
41 12
13 67
92 4
33 71
19 86
53 76
69 7
55 25
99 36
4 27
29 81
15 43
57 100
56 63
97 32
49 17
79 84
72 82
38 28
77 97
98 26
69 82
9 76
71 2
64 5
61 68
24 49
55 53
37 7
100 8
34 82
1 15
82 77
34 82
82 2
9 50
93 56
42 24
44 81
41 39
70 20
26 62
39 52
50 82
43 36
60 84
22 20
75 34
70 71
47 36
68 42
66 25
50 34
24 81
80 30
65 93
21 8
42 93
29 48
90 66
25 80
3 100
95 46
11 81
62 47
88 71
24 81
91 95
54 87
60 58
35 79
51 56
21 65
17 66
65 10
7 44
1 100
18 56
95 72
22 5
83 79
24 8
65 33
73 71
60 71
21 51
18 68
56 31
82 19
52 13
38 27
47 1
28 46
95 75
27 30
71 26
29 13
23 54
60 60
79 74
26 6
44 11
57 17
11 91
47 30
74 53
29 69
100 92
98 12
13 6
79 32
62 39
96 91
78 10
65 8
57 95
78 84
55 82
32 31
61 19
33 22
76 31
2 58
2 45
75 16
52 52
54 38
80 49
84 55
8 32
20 7
27 35
13 89
49 29
10 28
29 72
60 19
8 18
41 28
95 2
22 80
81 10
18 29
84 63
64 11
97 67
21 63
94 70
99 41
75 80
81 77
15 46
48 13
84 71
17 97
41 37
9 87
35 100
81 27
82 2
9 1
58 51
47 38
37 79
40 61
15 46
15 95
31 80
57 93
47 73
56 100
7 70
74 56
6 97
12 42
91 53
32 60
26 18
35 7
49 87
7 95
76 68
73 48
34 18
78 77
66 1
100 84
74 94
90 5
19 69
63 64
73 85
74 60
37 49
5 26
96 21
46 96
30 10
3 18
59 13
81 54
4 83
82 15
33 9
5 81
57 10
74 99
71 1
54 5
20 91
29 66
96 86
67 45
73 55
36 36
18 57
64 77
89 10
49 40
56 54
30 100
32 65
4 69
34 50
59 63
97 42
3 85
73 25
19 56
34 15
94 13
72 85
64 96
74 27
75 23
24 77
51 74
53 9
66 80
96 52
76 34
55 26
39 86
97 59
90 75
65 27
47 79
20 2
57 29
41 69
83 40
27 4
54 51
51 72
92 83
28 66
98 18
3 60
4 21
18 44
67 48
16 47
88 13
10 92
18 58
69 65
12 19
7 24
64 75
26 6
2 14
87 97
53 15
19 84
83 58
64 47
44 53
97 26
29 39
71 42
61 33
59 66
95 4
12 12
41 91
35 24
68 57
67 84
41 21
38 25
84 50
37 40
47 33
15 69
1 1
70 48
4 65
49 13
48 20
69 10
80 73
28 93
14 80
14 12
30 1
24 3
67 27
55 73
41 96
35 7
26 23
55 47
32 2
98 37
38 41
50 34
15 62
92 75
19 63
16 4
55 17
2 100
7 6
13 31
62 18
20 29
38 77
22 83
69 56
94 31
23 88
39 77
84 3
64 83
80 38
35 57
61 62
91 45
74 52
84 45
14 39
58 78
30 87
8 75
6 3
58 39
77 70
65 39
56 98
50 28
49 53
17 10
24 33
75 69
50 43
51 49
4 63
1 59
46 57
28 12
41 87
1 100
29 5
99 23
43 89
49 3
98 68
18 76
24 52
31 18
8 9
10 19
77 30
30 96
18 7
11 29
72 16
63 75
27 99
61 46
57 10
53 67
83 32
4 7
13 13
94 100
40 28
1 8
46 76
84 40
61 42
96 31
100 66
13 83
39 2
48 59
45 35
51 62
47 67
53 62
42 39
32 80
89 94
45 40
60 5
99 100
49 76
67 34
65 9
14 33
20 84
99 59
61 63
26 60
23 86
21 42
73 86
38 78
89 13
69 78
42 85
40 71
36 79
52 89
43 17
26 24
12 59
66 13
91 29
90 54
91 46
10 22
60 41
3 5
22 47
81 94
47 48
30 78
99 33
92 92
9 95
34 49
73 97
81 98
96 35
48 96
91 21
98 51
36 94
43 66
25 35
70 38
34 31
57 32
2 4
70 12
12 13
85 56
52 9
53 98
99 44
67 25
79 1
44 53
32 64
3 20
58 65
99 92
32 28
2 38
60 70
18 61
5 40
23 80
49 27
1 68
70 56
75 74
95 57
49 87
86 35
22 84
61 77
77 20
9 5
8 56
11 97
77 18
73 45
52 54
51 31
58 73
39 67
65 34
70 8
60 93
68 59
4 66
33 23
90 23
33 92
47 37
9 96
66 12
75 95
37 29
100 81
99 20
80 73
88 82
21 28
69 16
23 84
9 65
24 7
40 76
76 19
16 90
63 27
81 71
38 53
5 50
18 89
44 86
63 70
88 57
48 100
12 72
27 62
98 1
68 81
34 28
13 45
78 46
37 33
67 34
57 21
13 84
22 47
61 90
32 51
9 88
75 60
38 56
64 38
54 91
90 45
29 3
89 29
53 98
78 8
75 81
33 62
7 56
76 31
27 29
37 74
52 91
41 88
6 65
18 26
94 35
66 15
24 32
52 33
25 57
56 59
5 65
70 4
69 49
32 66
97 34
93 32
16 77
44 52
52 42
76 39
56 96
23 92
63 52
22 80
39 96
89 42
33 14
8 42
3 68
97 90
39 82
83 18
94 79
30 32
61 32
63 22
14 59
78 54
71 42
51 94
70 10
22 30
80 95
55 38
12 45
28 92
98 21
100 18
5 52
68 60
92 59
7 49
32 99
68 66
46 87
31 31
51 16
47 77
81 17
90 19
88 67
73 77
29 6
68 22
65 13
46 80
17 82
40 34
68 81
11 73
3 15
89 11
76 26
80 88
45 95
63 9
59 11
28 31
100 70
83 52
82 65
35 21
53 74
26 47
12 65
84 69
95 25
54 22
39 39
20 47
95 54
92 1
74 12
45 92
60 80
44 26
65 5
33 93
27 42
4 98
80 94
14 100
96 25
30 16
92 80
89 91
99 22
97 49
15 99
96 75
64 85
52 99
77 52
18 89
47 70
48 26
14 77
51 21
81 64
17 14
81 96
93 34
33 38
8 10
57 19
36 47
48 100
48 18
46 16
91 50
98 20
100 3
56 73
93 44
78 98
22 62
80 60
25 46
58 46
16 4
33 81
46 26
61 86
2 69
29 98
4 35
7 86
41 64
5 3
29 56
56 22
23 81
29 35
65 5
5 99
52 20
13 17
54 43
25 75
62 35
77 56
65 47
82 76
50 47
90 42
99 31
62 73
98 16
90 74
12 45
90 57
53 8
52 46
12 10
47 10
42 96
34 6
65 44
75 3
85 55
66 59
31 24
88 63
64 17
89 21
88 45
2 19
87 54
7 17
56 91
40 36
24 100
9 19
85 29
51 55
32 88
21 77
4 39
39 75
5 62
50 11
63 64
12 26
30 8
57 65
9 30
98 76
97 91
69 60
57 21
17 91
17 79
31 13
83 96
98 69
44 98
19 36
30 16
100 94
57 20
82 83
48 23
24 59
86 18
10 17
65 90
94 47
2 26
73 71
25 95
89 10
7 100
74 78
1 92
59 10
18 5
18 90
69 78
35 88
48 19
24 33
17 87
12 33
19 62
82 82
100 56
21 74
20 14
22 10
7 4
24 38
27 42
34 27
56 87
25 40
82 7
32 8
37 12
82 31
2 47
55 31
100 44
73 4
84 15
28 31
70 40
79 47
5 45
57 94
9 91
32 67
54 58
13 71
68 13
89 97
57 14
18 97
39 5
9 25
99 11
54 27
56 40
16 81
40 93
44 46
19 80
8 92
66 77
76 38
11 22
35 64
58 89
26 49
15 8
33 64
36 74
91 10
94 96
8 91
27 62
9 63
60 59
47 47
24 38
60 48
82 19
95 35
15 66
24 78
13 30
98 58
37 44
56 49
60 76
2 38
60 96
2 18
62 17
55 73
5 47
61 34
53 33
25 23
76 3
90 33
73 1
99 14
44 93
95 4
86 37
63 17
73 3
63 71
38 56
52 50
52 6
7 15
80 42
26 48
59 26
63 89
19 31
9 85
6 25
15 26
19 45
26 37
99 91
58 73
23 62
32 65
51 21
55 72
42 39
41 69
83 25
7 44
95 83
47 95
39 8
52 88
1 53
43 78
46 1
53 69
75 70
37 79
84 59
84 41
68 1
94 87
39 90
18 83
32 28
9 75
63 78
71 21
86 62
42 95
54 71
71 59
96 95
86 96
40 56
74 81
74 86
53 77
20 76
85 20
16 28
71 98
2 4
95 50
19 86
32 80
34 38
1 98
19 39
76 55
11 43
98 76
100 36
63 20
22 3
92 59
49 54
86 75
47 48
12 50
28 59
96 38
68 7
90 2
20 49
50 8
57 54
23 4
66 5
15 8
45 91
49 23
56 98
17 95
95 11
3 62
96 28
98 45
74 12
78 76
3 21
92 12
78 88
9 26
16 99
46 100
24 92
98 33
12 96
40 85
14 58
11 46
61 88
79 84
73 23
6 16
20 3
70 99
5 73
17 1
77 5
35 68
33 22
38 61
51 4
44 46
4 83
40 85
77 85
26 80
20 38
36 41
10 55
93 72
11 73
62 75
2 94
6 57
46 1
2 74
19 22
92 22
5 84
91 87
53 14
67 29
45 27
99 64
35 21
80 80
68 17
60 84
23 84
63 87
76 41
12 24
21 70
96 92
24 20
22 54
53 51
47 38
10 16
80 16
73 29
100 38
88 31
15 57
32 42
23 81
70 58
55 28
45 16
77 49
6 19
56 7
24 20
85 19
17 7
65 58
88 19
96 11
83 40
68 46
68 52
41 40
82 65
44 90
3 76
2 56
35 72
10 61
68 65
13 25
100 95
29 6
70 84
88 31
68 4
46 94
61 14
57 3
30 8
21 1
55 14
15 18
27 5
30 54
39 6
8 52
31 40
80 63
90 94
12 73
33 80
10 65
57 40
88 51
76 64
25 14
16 79
72 78
38 41
55 46
46 19
56 31
56 38
87 61
71 6
13 85
64 58
47 85
93 63
93 8
78 46
52 73
55 1
74 25
23 36
17 90
17 56
28 7
86 81
77 21
94 93
14 25
22 60
5 67
21 93
77 1
33 92
63 41
96 26
68 50
12 10
17 98
100 21
97 27
36 29
74 23
23 5
83 22
34 40
28 18
16 59
22 99
76 48
45 10
79 12
75 22
67 19
42 33
26 35
21 16
59 70
99 66
10 80
65 47
34 84
21 64
40 5
26 13
77 85
82 93
32 73
65 81
89 48
13 55
85 64
67 69
43 64
95 11
58 69
18 78
88 79
83 93
71 24
60 91
10 10
19 98
34 100
53 74
81 15
8 14
83 26
79 92
79 100
6 74
61 3
81 67
37 41
42 50
78 22
9 63
84 61
59 16
90 100
28 26
17 37
5 12
13 87
82 62
97 28
69 30
93 68
63 39
89 53
87 99
45 93
36 23
47 77
70 68
84 31
60 64
71 30
72 13
23 29
11 65
59 73
47 75
87 95
58 29
20 1
69 67
48 7
81 11
47 58
80 65
92 32
64 93
92 11
75 70
76 82
78 61
2 52
100 66
59 96
37 11
46 96
68 3
10 22
96 8
35 8
82 40
6 59
32 56
28 26
72 62
62 60
76 49
62 83
48 83
12 67
49 30
82 86
89 78
12 73
78 34
37 27
91 16
74 80
69 6
31 89
86 23
83 26
72 38
47 84
40 93
72 88
17 76
17 51
35 57
54 48
2 84
43 15
88 78
95 83
22 35
57 11
98 10
68 88
82 76
1 38
87 93
45 51
81 13
75 36
2 59
20 14
57 58
50 72
48 30
22 4
19 74
65 71
87 73
61 5
31 17
3 24
62 98
96 68
57 9
16 51
14 29
50 57
70 34
54 27
39 67
95 91
32 63
49 11
89 20
93 91
22 24
2 24
96 17
41 95
38 75
36 37
92 71
68 76
53 25
90 78
25 46
74 13
10 19
7 74
73 15
50 33
71 35
54 85
85 50
15 8
31 27
2 38
83 8
85 19
26 26
32 54
31 74
2 84
49 94
7 68
33 76
38 39
71 59
15 19
17 52
8 64
84 58
15 95
96 57
66 87
90 63
86 16
80 56
13 1
87 84
55 33
59 18
46 98
60 47
9 34
45 71
62 65
62 68
52 46
34 93
31 58
52 44
29 90
16 15
93 13
74 23
58 41
71 7
86 48
21 92
99 10
80 45
70 37
36 60
50 65
97 13
16 61
4 46
77 38
20 36
79 46
41 58
91 64
44 39
90 42
15 93
18 19
62 67
84 46
58 51
92 54
77 4
45 40
11 25
45 14
27 91
63 14
29 3
71 38
22 96
73 16
48 23
35 5
96 24
36 46
25 92
25 51
31 47
61 92
84 36
55 12
37 79
56 7
52 82
14 35
73 19
41 23
3 61
87 40
9 89
13 71
76 12
100 91
6 78
29 55
47 84
29 87
79 52
24 3
12 97
72 87
62 7
16 61
76 96
17 28
61 1
93 39
31 14
6 42
14 56
65 58
100 8
28 26
40 24
49 61
81 49
68 31
12 81
43 16
8 24
4 10
36 46
34 81
87 39
3 3
96 65
41 6
24 57
48 19
4 64
36 53
45 21
32 29
43 88
50 82
82 44
27 20
19 72
17 13
86 39
83 8
51 14
77 90
43 55
89 17
83 99
9 34
71 30
22 50
72 98
52 45
30 69
71 96
18 20
10 99
83 69
78 88
75 35
85 13
91 97
86 72
86 79
12 10
32 75
7 91
74 71
23 64
25 14
24 4
67 86
32 83
7 61
55 7
25 83
92 33
82 19
13 36
45 44
40 36
49 86
55 47
53 92
49 50
86 36
78 46
36 21
57 61
36 21
51 25
52 7
15 49
7 34
76 57
90 95
79 48
55 7
37 13
9 37
39 69
45 34
56 20
84 2
11 45
25 26
42 75
4 75
90 81
70 94
56 20
47 52
63 63
94 87
31 19
35 5
57 60
11 13
60 92
31 32
7 27
38 99
68 79
53 50
5 65
20 90
1 3
67 30
49 83
20 18
79 24
55 85
14 83
71 21
52 25
62 36
45 15
20 30
45 66
72 16
35 49
16 23
94 87
98 97
13 89
99 95
98 51
15 24
84 46
21 41
5 83
56 62
45 33
94 55
88 60
56 82
10 65
95 64
93 52
49 51
82 81
78 23
72 62
65 95
85 5
42 70
91 94
18 49
42 22
93 83
82 54
66 16
8 29
71 30
20 75
23 73
42 8
10 13
89 12
8 58
58 100
85 39
85 18
14 93
65 4
95 94
87 34
20 73
66 37
74 9
4 66
84 74
59 32
98 54
72 57
12 100
67 19
50 61
1 15
74 20
59 17
90 47
91 26
69 70
4 69
8 96
41 3
61 20
22 31
54 2
82 17
10 29
56 99
17 47
53 77
58 35
53 11
14 3
94 80
22 42
97 85
55 91
98 25
41 67
39 67
66 60
51 48
21 46
60 90
39 58
62 28
48 45
34 60
77 33
24 86
17 54
71 98
13 76
81 39
72 64
37 50
7 68
11 3
2 43
69 97
19 21
48 60
26 39
41 78
73 82
84 95
21 26
8 30
53 64
28 87
67 47
66 6
52 7
34 64
63 67
53 69
1 9
3 93
100 4
61 67
37 69
79 91
94 65
73 59
60 82
84 72
97 79
92 77
98 1
24 84
14 23
5 4
42 66
22 16
4 78
75 10
82 87
85 58
93 40
86 75
97 60
93 98
62 13
4 18
75 45
92 12
59 43
9 20
77 11
3 15
40 25
79 71
67 36
46 43
69 10
55 84
36 38
7 69
59 92
74 37
69 44
83 62
28 78
60 80
19 37
80 43
63 70
57 30
28 23
41 64
66 55
71 40
98 97
10 53
43 49
30 54
4 74
81 84
83 72
80 95
26 11
58 85
98 57
13 51
13 61
24 100
25 85
15 49
77 57
57 50
34 44
83 41
50 53
6 56
75 94
7 63
68 6
76 24
24 89
2 10
51 73
13 64
48 26
52 30
20 77
77 28
8 56
70 50
25 40
10 24
89 36
34 27
24 5
80 75
53 27
1 3
45 88
33 66
66 66
99 19
8 61
62 51
10 25
76 49
53 69
20 98
68 13
41 79
55 29
48 56
21 23
74 6
44 41
76 51
68 50
31 32
75 51
12 51
7 16
39 22
40 45
65 56
84 66
24 63
96 74
98 78
65 15
69 11
43 45
74 27
8 82
39 37
64 96
26 92
32 81
19 69
68 83
9 73
37 58
2 3
31 11
84 88
44 6
90 58
78 15
26 39
1 17
34 82
27 55
14 3
7 63
62 75
68 36
20 57
56 10
48 39
85 17
58 64
82 50
24 4
69 13
33 57
88 7
13 99
33 22
46 10
54 67
34 66
77 35
38 48
64 2
18 27
97 75
18 53
96 96
49 55
77 32
71 90
39 94
96 68
57 37
67 75
57 48
52 91
46 81
66 86
46 1
24 3
15 78
90 27
65 79
23 64
9 50
80 11
89 39
19 85
87 13
25 56
54 59
56 79
71 17
86 7
13 67
98 23
35 57
8 98
29 95
31 68
81 11
72 55
95 33
42 95
92 2
72 79
87 72
70 41
92 60
8 51
41 85
56 56
30 21
6 7
25 98
40 22
58 70
98 25
47 54
4 24
83 63
91 67
56 50
74 36
62 70
85 18
30 95
1 52
15 49
57 92
48 94
4 89
46 88
8 59
60 70
6 81
80 65
43 43
51 50
95 42
76 42
69 44
13 28
58 81
87 62
68 58
90 51
65 23
32 69
24 56
78 10
65 27
88 15
52 29
98 15
55 82
10 17
83 98
81 73
3 21
84 56
85 45
72 26
16 23
13 52
3 84
10 58
14 32
17 62
82 12
12 82
88 95
17 6
20 10
86 78
100 42
28 30
54 90
41 2
73 69
31 89
9 6
87 89
80 22
26 61
65 12
6 78
19 7
28 66
45 14
45 9
96 54
47 65
96 59
73 49
100 24
5 37
37 92
5 100
38 68
48 9
5 13
87 20
91 21
51 20
88 72
65 65
65 23
79 40
95 58
4 64
21 70
68 60
89 1
56 14
15 57
33 46
73 67
23 47
70 57
75 73
17 50
86 28
25 60
82 48
11 49
3 33
71 66
63 97
35 98
57 12
96 59
72 11
46 58
42 28
2 87
31 1
42 74
4 39
21 93
84 20
4 2
93 100
48 93
10 61
16 77
88 97
49 93
34 93
100 66
37 51
60 59
95 83
33 74
84 33
13 29
27 61
69 80
67 33
62 73
9 3
8 31
23 98
62 59
65 83
87 39
59 27
32 78
24 11
40 9
45 31
85 98
33 19
7 14
4 55
45 51
37 52
90 20
100 67
78 41
95 82
23 94
25 61
94 90
85 83
41 71
72 48
4 71
65 45
22 34
84 50
19 83
49 8
16 5
82 11
59 71
28 61
95 5
5 80
42 28
86 68
21 83
76 89
59 72
68 100
86 67
79 59
55 42
81 46
100 72
62 99
51 65
42 69
96 85
9 37
23 40
52 81
35 39
97 81
58 10
97 19
75 9
58 10
44 18
42 82
3 14
58 86
23 51
35 62
86 47
65 39
42 91
49 40
41 26
35 77
61 67
16 11
68 84
48 58
99 80
91 38
13 52
56 21
63 9
11 99
97 30
32 87
51 23
60 69
33 64
55 21
16 52
37 23
82 20
41 48
52 17
60 11
62 41
64 7
10 68
20 52
29 9
33 4
62 34
70 5
40 10
12 12
91 13
17 80
1 73
90 15
19 64
98 72
81 32
53 77
94 70
56 99
17 94
51 72
99 31
17 88
98 14
26 7
73 23
23 45
81 68
74 52
7 4
60 98
72 47
23 47
93 76
27 53
39 56
63 92
45 41
48 65
75 29
78 89
67 96
100 23
46 91
1 74
6 39
50 76
5 69
2 28
76 27
83 9
33 98
7 30
1 74
19 61
78 71
43 63
69 66
2 26
91 99
40 58
26 52
49 64
57 14
47 20
27 45
54 65
48 94
19 70
88 17
3 35
17 25
57 24
23 79
35 37
82 45
57 68
32 38
47 30
72 97
41 16
54 40
79 25
99 79
25 55
11 46
79 28
38 37
85 61
64 69
11 85
85 79
11 91
8 47
83 79
97 36
28 32
48 31
79 70
40 21
51 54
33 45
71 15
90 57
54 50
78 15
52 1
5 23
23 39
89 74
70 27
50 42
84 71
58 89
17 88
93 56
12 91
33 22
20 49
93 63
16 26
35 76
64 62
50 91
7 86
1 99
70 29
17 96
10 66
49 68
33 38
83 48
25 13
10 61
73 53
66 1
24 14
64 34
59 47
95 1
42 53
18 46
18 14
91 40
70 37
70 3
47 24
6 97
60 92
85 30
22 97
39 81
85 97
41 12
63 13
22 99
65 63
37 28
30 86
96 87
54 27
96 46
60 20
26 68
23 93
30 81
8 50
70 49
39 48
34 54
14 88
13 35
10 22
42 35
3 51
95 45
48 72
86 61
79 43
79 23
10 36
37 14
14 94
92 12
54 62
58 16
59 43
89 20
71 62
32 40
8 100
58 91
67 65
83 100
92 84
36 59
80 32
53 10
32 53
5 78
23 64
86 74
59 55
6 66
40 40
1 35
94 19
51 31
20 22
52 59
32 73
38 37
85 82
44 67
2 18
49 87
37 97
78 48
85 7
55 85
31 4
19 93
91 9
83 38
77 50
77 18
42 14
29 83
9 78
60 30
45 94
63 79
49 30
42 10
53 60
2 85
58 89
19 32
37 77
26 17
4 14
98 42
10 88
89 91
61 71
74 32
52 25
93 58
33 23
10 49
23 77
9 74
29 92
81 58
52 67
96 7
61 2
71 5
5 79
38 51
12 65
10 79
68 26
17 60
36 59
34 31
4 67
13 96
78 96
5 53
98 69
72 43
3 24
39 4
70 82
27 21
94 93
79 69
8 21
20 57
23 47
49 41
11 9
54 55
3 14
14 23
49 77
8 95
78 19
67 80
61 30
14 24
36 43
15 41
36 12
53 49
92 18
12 16
73 92
4 92
96 9
82 83
24 59
58 30
66 81
72 59
47 30
25 48
61 26
32 54
60 32
10 5
2 93
35 70
96 76
10 77
75 74
35 97
56 92
47 16
72 59
55 15
7 67
57 12
17 79
3 50
1 99
81 55
5 19
46 1
66 64
85 79
54 57
22 48
16 92
2 17
63 28
75 2
97 60
73 38
16 61
84 84
22 65
31 1
17 65
28 92
47 65
82 3
12 61
11 66
28 50
89 64
67 21
7 94
21 42
15 45
67 89
19 60
99 58
56 69
15 95
51 2
77 62
87 15
18 50
85 98
20 62
6 24
76 25
46 46
24 81
17 81
37 38
71 66
21 45
28 61
3 24
5 13
46 48
24 49
3 46
22 72
5 2
27 22
43 57
9 57
33 56
56 99
23 41
58 70
51 34
51 35
11 60
31 84
82 86
87 72
63 54
44 64
2 47
90 23
12 84
32 17
85 52
44 13
48 86
14 60
33 42
100 53
69 5
57 59
95 81
6 15
18 81
100 3
12 20
40 51
25 3
35 25
58 28
97 36
32 52
64 100
24 61
88 10
64 12
35 98
71 81
82 8
53 49
22 95
77 11
88 2
84 66
29 65
15 17
99 16
87 44
16 11
22 86
64 30
49 100
28 73
77 37
83 14
11 6
30 65
88 56
20 33
88 80
40 1
57 58
37 34
26 21
65 19
6 22
41 4
99 35
29 8
22 78
17 29
32 61
27 53
10 96
86 34
29 45
18 81
70 100
4 64
16 4
29 9
97 80
46 90
22 81
10 11
93 71
60 81
17 42
74 48
89 47
11 63
28 87
96 38
77 31
61 52
89 32
6 78
97 49
66 43
18 91
67 34
58 25
23 94
29 72
84 52
16 32
19 6
32 51
62 14
54 46
69 40
6 42
89 36
85 85
96 51
52 73
80 81
93 87
56 28
92 60
18 23
23 48
74 53
54 12
23 6
82 81
99 70
22 54
50 45
18 91
1 3
79 62
17 73
55 50
77 7
23 9
31 91
58 30
39 90
28 96
41 90
55 14
54 48
17 83
16 15
30 39
81 49
19 15
97 76
11 41
75 55
5 80
26 46
46 59
51 35
57 23
62 27
48 94
37 16
4 33
5 72
71 46
4 42
21 47
61 76
74 1
9 60
10 20
26 19
55 18
15 7
34 38
19 91
78 80
29 9
22 2
15 91
29 68
45 98
24 63
69 3
98 74
73 79
43 6
12 25
99 36
5 22
48 73
100 72
75 69
42 67
71 39
35 96
43 32
14 70
32 26
1 7
54 43
97 62
67 34
44 30
36 77
65 96
52 55
77 76
78 4
24 58
79 91
5 91
57 11
89 68
10 89
88 86
87 5
18 63
42 27
10 81
37 48
45 77
90 97
9 93
8 27
94 50
3 56
85 31
67 80
87 78
85 32
20 86
23 23
72 100
56 98
10 74
51 98
59 45
100 74
9 26
60 94
77 79
30 58
54 22
10 60
60 10
77 86
67 34
28 6
67 23
90 14
67 53
37 82
65 80
20 47
78 95
10 67
98 77
37 82
13 84
65 7
95 10
35 11
54 10
53 69
46 14
23 72
94 14
31 29
49 58
13 39
65 35
10 79
83 44
99 64
83 15
96 56
54 89
38 57
29 37
23 69
23 91
92 87
51 65
17 74
39 59
4 59
77 32
93 41
64 76
84 67
2 36
71 12
63 58
22 29
88 29
40 66
80 65
64 36
90 99
56 62
1 91
44 11
41 17
34 66
47 6
92 47
94 11
11 90
87 91
23 94
50 73
88 63
6 16
99 18
11 22
87 44
34 63
81 86
64 6
21 49
98 92
80 14
9 24
7 43
62 63
34 70
20 9
25 73
89 56
89 54
69 59
26 45
37 81
91 1
47 100
87 84
95 31
35 1
9 4
100 34
91 82
14 69
90 30
57 11
21 96
83 28
10 47
70 97
87 55
79 63
42 41
7 43
48 52
73 3
48 33
73 100
16 20
12 28
4 70
99 38
65 78
28 39
92 8
58 39
24 51
8 69
85 94
5 39
69 77
3 2
64 5
22 48
79 81
74 39
26 50
80 53
54 14
96 20
32 12
6 84
95 79
75 42
68 71
14 92
12 100
64 70
13 30
87 31
29 69
42 53
8 6
38 93
24 74
92 54
29 77
47 87
14 5
30 59
66 65
45 93
28 44
20 40
9 38
89 73
50 20
84 10
17 91
91 41
79 67
43 50
41 73
52 77
67 35
27 92
44 18
22 79
8 64
100 32
82 36
55 37
94 71
98 76
78 71
35 18
27 97
9 75
74 83
9 54
43 100
42 32
87 55
78 89
13 50
27 25
50 15
30 32
85 52
42 73
3 96
9 52
79 5
11 54
22 70
47 60
98 100
13 31
28 85
60 40
71 89
49 88
83 17
28 33
14 32
36 45
88 96
65 10
53 57
27 35
99 52
8 82
96 71
10 98
94 63
24 19
82 1
15 80
6 97
19 65
46 44
94 65
80 21
31 37
63 58
68 89
5 24
15 74
33 73
61 97
92 60
6 91
81 70
28 54
94 27
43 51
81 82
94 92
17 66
52 16
30 77
39 13
94 34
29 1
8 6
88 52
85 98
87 60
42 80
24 18
13 27
86 96
19 44
72 80
89 74
11 4
14 12
70 58
72 10
96 34
94 66
77 73
22 80
26 69
7 83
99 67
77 33
