11 45
4 57
40 79
59 41
40 80
29 19
45 96
54 33
96 51
49 37
69 60
43 9
47 23
8 98
29 10
94 4
17 64
99 89
28 63
53 54
46 11
75 18
91 95
71 62
11 4
82 38
94 56
76 82
75 1
33 34
50 66
19 69
43 41
64 36
5 58
30 60
98 51
70 2
9 4
6 82
78 32
14 49
81 44
81 58
77 28
91 64
26 8
2 5
41 69
65 30
63 32
4 65
97 63
49 55
38 73
3 64
41 94
9 99
37 20
25 67
62 19
70 22
93 32
30 91
43 44
100 31
95 7
69 91
58 15
86 97
46 9
25 96
89 27
39 21
34 67
65 20
81 31
94 78
84 57
45 87
94 5
43 39
83 97
74 5
37 88
55 8
29 78
89 46
17 39
40 74
4 93
45 44
98 64
54 94
26 28
37 73
13 33
64 14
78 70
55 95
6 66
69 41
12 36
32 34
37 13
87 53
76 100
93 85
58 21
52 72
8 12
87 74
33 11
44 48
85 91
100 61
78 8
76 6
14 29
76 60
37 6
94 20
37 73
57 98
12 50
50 7
45 66
95 64
32 68
58 38
74 76
17 19
48 47
27 20
16 26
29 41
50 13
75 98
72 99
4 27
92 36
21 95
49 42
12 36
32 72
60 38
8 68
69 69
52 90
44 59
92 57
89 7
56 75
46 47
24 44
92 28
42 7
69 100
92 11
12 94
1 62
68 41
16 99
37 91
39 50
85 4
49 6
70 7
9 67
97 55
69 4
59 73
83 98
37 46
11 69
53 63
81 23
71 4
48 63
89 49
4 51
79 29
48 49
10 38
43 46
19 46
71 100
2 51
82 50
39 29
33 5
12 45
66 10
61 81
22 37
45 23
83 20
54 44
51 17
59 78
37 67
71 8
63 40
100 64
84 46
89 41
82 63
57 94
88 19
2 94
82 28
13 74
97 26
78 60
45 2
29 89
84 35
18 93
100 91
55 65
76 43
40 70
11 46
4 12
93 24
25 94
31 98
20 44
37 80
54 12
46 17
14 13
14 54
60 57
2 46
53 23
26 37
80 76
99 47
57 85
39 99
31 68
1 99
79 94
43 66
91 78
66 34
60 12
13 75
1 16
50 16
35 20
78 31
69 79
22 82
75 80
98 64
93 34
88 76
58 1
68 42
97 61
10 48
5 57
69 19
12 55
19 10
93 58
93 73
98 36
49 58
35 77
12 12
85 43
49 97
45 51
7 6
20 97
46 12
99 8
84 49
7 88
77 55
43 83
2 80
69 97
10 39
1 75
43 43
83 75
99 17
76 54
100 98
8 58
68 69
19 69
8 34
60 32
25 40
49 29
53 12
48 83
100 82
57 56
94 64
73 46
18 53
46 29
67 31
81 44
66 20
88 96
1 21
56 36
54 41
30 39
71 68
72 47
4 99
6 15
46 55
1 4
14 12
69 15
5 25
26 23
59 88
24 93
29 59
15 11
52 25
27 8
23 25
48 35
40 25
6 64
25 74
57 93
20 23
7 66
21 7
72 95
60 90
25 12
46 8
92 36
68 52
64 50
93 95
22 1
51 57
31 63
38 46
63 25
68 73
49 49
36 13
11 60
75 98
76 21
44 67
45 89
81 39
89 56
38 69
4 92
42 42
78 57
98 46
79 44
48 75
30 48
12 21
11 14
43 75
17 72
25 8
68 13
27 58
30 2
61 39
48 20
11 57
31 68
67 12
3 27
46 29
80 99
63 77
71 21
57 74
76 97
43 49
94 83
6 73
42 12
46 46
72 64
88 70
26 5
84 32
34 48
77 94
73 14
41 73
65 10
47 38
97 12
57 39
91 9
83 2
95 26
17 66
96 6
97 100
82 24
65 95
75 48
50 55
11 61
45 38
31 75
64 72
11 82
40 45
30 62
13 96
47 68
15 82
18 21
20 95
44 66
39 37
99 68
67 83
8 84
51 79
50 78
56 99
71 85
43 33
85 50
13 53
75 74
55 87
96 53
3 61
41 49
13 93
14 10
62 11
36 47
15 9
34 77
68 4
17 19
94 47
66 77
29 2
78 33
30 80
100 10
22 23
18 79
71 12
67 16
95 94
53 95
6 44
67 30
3 91
5 58
69 4
54 79
4 58
74 79
15 34
28 1
43 4
46 6
78 49
72 53
21 9
37 54
98 47
68 28
61 59
15 100
85 96
33 61
3 61
97 29
58 97
21 64
64 9
80 32
5 97
15 56
56 96
18 34
18 51
30 26
71 96
42 52
5 86
23 89
60 13
72 88
55 88
18 72
77 41
59 76
72 91
86 27
76 78
10 25
63 31
78 14
20 48
39 37
38 14
48 64
98 31
11 34
47 3
1 29
100 90
44 33
43 76
38 1
90 7
54 5
83 68
41 11
24 16
11 65
70 94
31 55
5 34
42 69
85 11
80 40
51 36
83 21
95 100
70 42
29 24
69 92
33 18
54 5
31 95
11 23
31 11
37 56
62 20
81 71
33 88
44 7
69 52
76 3
47 86
13 14
57 97
1 60
50 12
84 80
14 67
54 51
33 28
66 1
11 85
31 6
32 17
77 64
27 34
11 59
96 35
98 49
98 13
44 32
45 86
70 20
72 40
67 69
26 11
54 52
59 82
81 49
33 91
39 77
56 69
59 49
21 82
30 43
69 85
15 39
46 17
57 9
38 15
1 45
12 36
37 39
35 83
75 64
68 6
22 48
16 66
81 85
74 8
85 88
18 85
82 39
53 93
21 95
35 12
25 99
35 20
58 20
1 23
73 91
14 1
89 40
63 60
57 59
87 32
71 48
19 40
33 63
51 37
78 94
15 78
63 31
13 19
30 25
80 59
91 26
22 20
9 16
14 76
87 48
41 15
68 16
74 2
12 27
31 50
12 51
58 17
91 26
48 96
1 45
89 2
64 73
92 88
82 42
80 30
55 74
55 24
27 46
82 80
46 99
29 71
46 12
41 23
36 46
19 24
87 4
71 25
14 92
100 61
84 77
33 61
100 78
97 100
66 99
68 74
48 59
30 49
69 22
67 82
16 40
47 14
12 26
34 24
15 19
35 42
23 17
42 34
16 49
80 27
75 32
18 75
22 3
93 72
77 26
68 66
97 73
67 51
31 67
78 50
28 78
97 40
10 54
34 68
13 89
59 60
47 31
82 64
88 80
90 67
34 31
37 12
36 55
23 31
6 15
68 11
32 37
28 2
62 80
70 7
56 56
34 28
9 18
4 45
54 80
38 39
40 44
61 75
73 16
7 17
67 90
59 45
33 17
18 21
99 87
64 57
96 80
22 70
63 80
55 12
11 16
32 63
98 43
24 36
72 62
88 53
15 12
71 5
13 52
2 25
41 64
34 8
7 51
10 31
7 68
35 88
76 49
44 91
50 31
3 99
44 23
13 52
85 33
17 10
13 59
92 85
48 33
51 44
11 32
70 94
82 36
36 15
13 17
27 81
70 79
37 27
26 6
70 6
51 2
40 61
29 39
77 13
80 15
20 38
86 6
47 88
28 63
51 94
78 46
76 63
7 93
26 73
70 67
100 42
23 37
76 25
73 39
92 62
68 31
40 21
30 7
100 45
57 69
26 16
11 42
63 45
40 76
67 44
52 45
14 97
15 52
58 20
77 22
85 24
81 67
67 51
91 46
33 4
17 66
12 30
67 27
76 72
27 96
14 45
64 30
72 83
41 61
9 90
92 70
45 66
23 72
26 5
75 87
94 14
23 2
46 43
64 72
12 100
86 21
22 64
85 57
79 51
53 46
53 4
95 10
43 29
34 67
27 53
4 42
44 30
32 89
30 16
64 29
78 20
10 83
100 84
85 82
82 25
41 49
71 86
42 85
59 61
89 99
52 23
56 71
86 49
100 39
27 4
88 33
95 36
63 14
58 9
14 70
9 6
63 16
74 19
45 25
86 16
74 15
5 99
25 50
69 38
19 28
30 52
40 70
26 58
41 47
99 72
13 7
33 2
49 58
34 44
4 37
27 93
99 65
85 87
28 72
87 10
89 69
58 96
79 39
83 68
48 44
51 57
74 26
1 56
61 83
83 56
70 45
30 26
89 60
20 58
68 43
14 49
5 32
23 27
50 56
50 54
19 34
43 43
8 7
9 93
36 98
86 44
49 89
24 60
64 12
66 30
67 20
66 78
41 62
69 61
18 53
96 17
31 46
26 99
17 51
30 8
9 45
30 88
63 93
43 46
83 33
76 52
99 44
37 29
99 96
1 8
33 75
64 92
60 38
16 48
83 68
46 34
58 95
68 55
57 94
74 9
12 31
93 27
61 65
1 43
92 40
50 61
67 52
74 60
22 4
90 75
47 56
24 50
57 88
10 37
30 78
42 48
45 82
25 51
1 57
78 68
95 100
9 79
10 29
95 41
65 2
51 20
33 57
33 73
55 93
66 19
32 14
21 36
55 62
9 10
87 2
26 55
94 11
32 40
41 66
38 26
44 58
99 46
16 1
27 27
36 12
72 77
33 23
94 20
46 7
8 78
6 6
91 1
71 40
37 12
55 40
59 52
17 91
63 10
66 94
69 43
52 14
90 6
58 3
89 90
58 94
78 23
100 48
56 74
83 25
68 56
69 41
58 90
74 25
98 87
97 62
67 26
58 99
46 31
15 4
15 71
70 57
40 2
63 63
86 17
86 65
31 24
55 43
16 25
48 79
20 82
46 80
74 91
52 36
60 64
36 24
55 33
31 1
77 31
8 65
56 78
44 24
92 23
32 4
24 45
2 7
74 22
73 68
89 91
92 87
46 40
69 45
73 20
26 63
29 13
3 85
86 82
53 2
83 86
14 94
15 13
42 28
3 56
86 66
52 85
79 18
14 87
49 30
78 79
73 41
68 44
67 35
41 61
12 95
58 100
27 36
72 65
38 26
71 59
48 94
52 10
49 23
36 90
1 54
53 39
96 73
59 14
42 43
63 86
62 31
3 14
88 30
19 14
100 18
10 64
77 88
88 74
5 68
10 93
33 83
98 28
25 22
29 28
86 21
74 70
7 74
97 31
33 64
24 12
5 18
45 59
75 100
36 60
93 43
30 59
73 24
54 84
22 19
35 25
80 61
74 64
91 84
17 12
50 37
4 50
36 7
27 23
99 98
17 57
55 78
51 13
5 37
76 22
52 98
91 27
56 39
74 65
62 54
98 77
15 67
18 29
12 33
5 29
24 30
66 96
8 64
58 66
28 94
60 28
55 86
43 18
65 12
94 5
35 6
36 33
55 85
71 20
20 41
85 68
80 97
27 81
68 93
62 27
32 55
19 95
35 11
31 71
81 86
2 59
31 2
91 81
51 76
9 40
18 9
73 93
49 45
88 26
23 21
35 87
91 24
39 58
68 69
22 82
30 51
11 75
39 28
52 44
39 98
62 77
100 15
1 79
33 3
18 49
32 4
13 68
66 89
87 26
33 84
12 38
21 9
76 79
48 42
98 71
7 100
2 90
30 33
27 95
18 20
28 42
20 30
25 11
36 87
40 14
48 84
57 20
22 49
65 64
93 62
42 33
27 42
43 19
42 73
73 61
48 87
11 6
88 19
94 50
39 4
88 79
95 25
10 59
17 72
59 37
1 78
86 91
94 37
83 6
75 73
23 92
85 15
66 17
97 91
8 77
93 41
98 52
31 31
85 52
10 65
81 7
75 73
32 33
21 7
93 100
64 75
19 60
75 98
41 22
90 99
12 71
39 51
14 2
47 90
57 46
24 91
67 29
88 30
40 2
76 98
58 28
58 82
67 26
20 75
60 10
70 57
81 41
69 96
29 9
73 91
27 50
72 36
97 93
48 71
32 98
79 96
41 88
33 66
70 78
6 37
60 76
80 50
87 14
31 94
42 24
3 52
61 96
50 63
64 99
31 7
94 46
2 79
82 84
73 31
21 92
74 58
56 93
33 27
27 11
57 75
2 8
42 63
18 3
10 52
71 89
52 22
70 30
72 97
34 65
97 9
43 98
19 93
72 36
13 34
60 76
34 85
63 60
26 70
87 19
87 67
35 76
97 28
34 54
67 24
91 83
94 36
88 27
87 10
81 58
4 53
6 76
99 87
31 21
63 95
15 82
39 20
11 82
84 37
88 80
21 79
100 1
57 80
36 89
76 97
30 83
30 26
18 72
80 57
85 38
61 16
46 81
40 3
7 3
38 97
27 99
19 98
10 19
80 37
28 92
75 90
79 46
46 35
2 43
89 55
86 36
3 19
52 71
23 60
71 11
87 49
12 53
65 97
87 47
95 39
67 66
88 38
1 51
17 19
1 98
58 25
69 43
70 15
34 94
68 83
32 13
91 71
26 10
86 44
6 66
72 51
50 28
43 75
78 79
7 90
12 68
2 55
50 94
50 52
51 78
79 81
61 93
85 36
85 99
91 55
23 71
81 67
35 61
52 14
73 54
84 87
65 38
31 21
22 34
99 73
28 84
11 8
6 12
6 53
97 100
49 26
3 88
96 48
76 62
78 23
55 36
52 52
15 23
99 11
56 14
77 56
47 24
5 69
100 34
58 60
35 20
42 5
57 89
95 23
89 94
42 47
46 59
87 56
83 56
51 97
36 27
11 80
90 1
26 89
14 98
85 99
94 92
6 88
5 55
59 82
17 35
48 80
5 70
96 39
43 33
86 99
22 4
2 18
97 12
20 66
64 85
67 4
71 4
67 19
16 6
71 19
95 29
56 68
41 83
28 70
41 1
54 86
87 18
18 44
34 40
87 90
51 82
16 13
16 34
36 27
33 65
53 89
26 5
42 6
72 90
35 19
77 37
25 76
14 84
99 31
67 30
17 28
78 18
19 29
51 85
76 18
80 69
27 47
35 51
37 65
60 57
1 87
81 4
56 2
67 55
17 87
19 13
84 95
65 60
65 51
84 83
36 54
26 25
86 19
80 14
27 75
17 53
17 74
79 91
23 49
51 27
51 80
47 82
49 25
45 85
78 81
21 49
88 5
13 50
94 56
45 95
14 7
58 29
77 49
59 45
58 48
85 35
19 51
94 17
92 33
25 9
18 18
64 86
87 97
4 64
51 78
72 53
90 17
83 2
75 74
99 35
77 78
66 56
67 98
72 57
81 15
25 23
84 58
41 63
43 100
96 30
24 37
3 41
65 77
100 67
12 15
77 57
79 5
100 5
52 59
18 31
68 19
9 91
78 1
74 35
18 4
71 20
87 17
73 98
2 7
98 58
56 34
32 94
57 4
9 75
98 64
30 58
60 37
22 19
2 7
85 83
61 76
88 79
82 2
79 25
84 11
8 19
46 61
61 55
19 38
21 29
64 51
3 83
18 49
83 84
29 72
17 74
76 36
84 91
22 40
43 10
80 73
74 31
92 23
27 71
61 17
46 40
16 47
58 73
54 79
61 9
71 57
47 41
83 84
5 47
87 12
19 64
82 93
16 18
36 47
82 34
63 32
6 20
84 84
45 53
100 71
30 52
7 52
78 32
26 4
45 16
28 32
55 60
98 23
3 43
95 91
47 58
28 59
64 56
73 25
75 6
44 50
48 13
87 86
38 58
96 28
76 37
35 45
26 57
55 60
78 79
53 14
96 13
78 54
97 9
23 32
88 5
89 18
47 69
97 48
55 52
78 72
44 91
66 64
68 76
39 86
66 37
97 72
72 95
87 21
28 46
9 32
53 46
29 68
73 36
94 60
50 37
72 64
79 66
46 63
13 88
48 62
98 2
21 89
8 21
16 85
21 76
45 85
97 84
42 69
16 1
2 80
70 94
66 84
85 57
75 20
22 98
39 37
54 2
15 17
34 71
44 80
20 82
77 83
44 64
25 75
44 29
85 58
28 94
100 61
12 100
52 41
82 26
88 69
58 4
12 12
41 8
9 59
50 85
26 50
15 53
98 56
35 23
6 52
90 34
1 37
22 41
15 4
9 19
55 4
79 80
12 26
13 25
61 91
78 84
48 11
53 12
96 95
83 96
3 45
94 33
50 5
55 93
70 44
48 49
87 33
96 47
51 12
67 69
9 26
81 16
67 52
70 24
80 59
87 99
46 20
68 36
47 42
61 51
94 68
70 14
85 63
70 61
69 52
74 81
13 30
49 93
42 62
67 30
27 98
64 25
76 63
30 75
80 2
70 13
99 14
43 63
5 20
99 17
41 95
74 88
85 85
52 34
42 30
75 94
99 43
37 74
73 89
2 41
53 95
89 83
37 17
95 75
19 75
1 20
16 26
64 79
93 89
2 64
32 38
54 39
80 74
10 85
48 46
60 19
25 40
3 42
23 13
83 16
55 84
68 46
74 23
3 30
20 53
57 50
49 40
24 10
76 55
32 7
55 14
46 12
46 8
11 10
51 2
26 10
92 83
2 13
3 68
79 76
75 40
19 1
36 18
2 42
41 30
61 95
12 5
94 85
78 53
85 50
43 84
69 74
32 92
21 48
23 3
8 41
82 28
72 64
68 90
31 32
53 59
3 46
12 99
67 26
74 10
13 26
96 60
87 12
25 47
85 49
93 42
67 11
21 44
70 28
60 3
84 27
6 86
74 27
79 73
58 10
74 63
60 20
74 24
16 87
80 64
64 57
42 28
96 87
56 96
87 89
93 36
91 40
53 3
1 83
44 33
18 41
33 80
69 9
12 9
20 87
53 44
76 19
34 69
93 72
38 8
70 50
23 39
83 66
25 51
56 65
41 24
95 44
100 41
60 88
16 75
24 58
59 33
80 56
5 41
88 84
9 20
80 88
38 55
81 98
16 52
23 98
72 55
65 3
72 46
66 51
60 19
15 98
96 32
85 63
59 16
4 35
55 56
20 22
98 60
71 80
32 79
63 82
10 28
65 57
99 7
30 70
53 67
41 67
82 86
74 9
35 66
57 62
57 52
74 9
98 34
64 51
34 53
83 88
31 17
94 39
53 20
8 26
11 77
47 82
90 57
7 37
47 31
96 89
78 97
2 48
4 49
68 40
6 76
35 97
47 60
13 68
24 66
33 71
17 76
68 82
12 91
28 100
73 47
92 35
4 25
13 80
86 13
84 30
80 70
48 28
5 27
8 93
23 67
84 96
93 19
72 100
23 46
54 86
30 50
18 40
69 21
86 52
12 34
11 98
47 65
97 78
27 53
29 14
13 37
49 38
61 64
88 56
57 32
48 94
5 8
100 2
98 54
22 17
28 85
5 79
13 83
66 15
31 37
56 26
11 30
65 4
46 98
35 61
96 8
19 97
56 89
32 11
35 38
55 39
45 68
86 94
4 87
19 82
78 17
59 77
89 56
75 75
48 9
65 52
13 46
85 74
73 26
34 79
44 39
75 85
74 88
3 95
37 25
1 59
60 88
8 81
66 37
71 74
63 49
90 88
96 1
12 46
89 17
20 75
5 71
10 64
4 14
31 17
44 29
95 7
76 18
62 63
88 47
89 98
63 38
83 22
25 15
76 72
100 28
68 62
89 64
66 95
19 80
43 57
44 43
2 90
28 67
14 18
17 37
42 19
19 92
80 26
27 39
63 89
10 85
13 90
85 29
65 67
11 20
34 2
47 63
29 79
50 67
47 23
34 10
21 44
72 95
75 67
88 77
39 5
59 54
24 100
69 62
3 11
39 1
100 61
43 1
100 19
19 46
9 17
43 88
99 62
70 63
62 97
42 14
47 35
18 26
92 26
69 3
90 68
37 86
97 37
13 13
79 97
43 97
9 26
100 2
86 96
93 76
24 1
14 84
44 3
37 96
41 92
1 80
12 82
67 41
6 87
57 11
11 74
69 46
14 2
77 4
44 47
92 14
77 79
43 68
61 7
62 58
19 10
100 1
68 40
2 61
6 94
58 19
51 50
15 18
88 23
5 26
77 54
57 58
62 26
95 34
10 84
9 67
7 18
88 54
35 71
46 74
38 64
58 42
99 100
31 38
59 86
97 48
68 34
78 50
50 95
84 63
80 13
68 47
44 79
71 47
100 6
10 76
100 94
47 2
36 40
42 28
80 17
89 2
77 39
16 36
5 94
12 17
5 80
98 22
31 11
78 100
63 90
40 91
90 38
70 5
81 59
40 78
66 96
33 33
8 32
35 90
88 21
1 42
100 45
90 12
63 90
56 49
68 70
50 79
32 40
95 69
38 21
53 74
93 95
73 67
46 49
3 54
86 35
91 32
18 73
9 37
64 18
7 83
72 71
61 64
76 71
70 64
88 30
80 38
2 9
100 17
17 68
55 35
83 50
80 97
29 8
55 85
22 16
49 100
42 88
93 70
72 56
35 8
18 96
91 53
56 58
95 76
64 38
32 72
56 3
47 63
48 97
32 41
82 3
91 53
23 94
38 86
92 11
13 67
100 6
88 70
52 51
26 50
36 18
78 39
76 89
91 72
31 28
79 87
87 48
93 7
37 33
91 98
6 43
49 60
47 86
48 75
76 92
13 65
63 5
73 71
11 61
69 15
83 99
74 40
5 82
67 44
54 56
50 27
80 84
7 47
50 100
14 15
82 68
28 59
84 74
65 72
58 62
21 96
83 80
95 49
37 91
81 94
54 92
49 26
5 91
3 12
81 25
36 6
81 64
62 54
20 3
42 42
4 61
6 71
91 79
23 60
74 19
18 72
27 72
93 13
38 40
8 83
52 41
96 28
46 19
65 89
34 12
23 85
69 81
6 76
12 85
14 55
4 35
87 38
43 37
21 38
58 70
12 72
60 3
16 93
80 30
67 15
34 99
69 65
97 3
51 99
93 53
87 45
75 31
12 35
50 70
79 83
9 6
57 39
40 40
18 45
79 16
21 2
72 61
76 82
33 35
98 40
94 52
36 41
68 54
5 93
6 92
45 98
31 67
8 28
9 87
30 65
68 22
31 1
81 77
76 100
44 72
83 51
56 54
87 53
18 13
66 19
81 99
37 30
57 94
13 31
93 57
82 91
66 52
56 12
4 28
1 84
26 35
2 32
94 6
41 56
26 71
78 37
58 94
41 91
14 55
8 20
34 66
73 100
53 29
9 83
93 73
58 92
8 99
31 64
100 97
98 26
55 81
15 55
30 90
13 25
26 37
80 88
12 73
6 33
5 70
87 46
17 74
88 57
73 37
69 45
50 22
62 35
61 91
99 93
68 34
47 44
10 20
75 37
57 43
22 64
95 50
40 82
51 3
35 36
6 36
37 89
29 82
40 23
60 68
43 60
88 87
38 92
45 9
19 25
43 15
61 63
18 66
8 85
83 73
79 24
81 49
71 22
96 89
77 62
33 72
42 38
18 48
17 9
71 100
61 86
22 69
3 68
70 73
13 100
82 4
72 8
4 84
63 26
60 58
21 88
55 20
50 32
31 90
21 71
93 44
100 6
20 95
63 17
72 16
34 55
23 87
65 18
75 100
93 91
40 13
88 37
26 20
1 95
10 92
22 18
70 50
62 87
47 51
26 45
7 98
66 59
66 59
52 5
52 89
56 27
64 56
98 77
79 3
20 57
52 43
59 54
30 86
17 79
22 73
49 51
51 48
94 70
76 91
23 60
93 96
38 61
8 88
7 45
37 58
51 4
27 39
82 52
26 75
94 81
10 6
54 5
13 14
22 62
100 68
75 69
81 89
9 96
25 59
42 3
20 65
90 66
58 47
33 46
5 97
41 9
50 30
69 70
92 39
69 25
62 45
75 19
29 96
26 90
46 21
32 52
45 59
21 25
70 12
1 41
75 93
58 91
98 72
60 46
16 20
17 97
30 19
25 62
44 99
32 82
47 2
77 89
19 36
43 75
41 81
38 6
76 59
65 74
18 92
61 29
10 48
24 33
85 26
31 82
58 41
93 92
49 1
45 76
14 13
49 98
90 47
68 72
5 46
69 89
19 68
42 47
25 4
7 1
86 77
2 63
35 20
23 56
83 30
76 11
31 66
79 85
45 73
51 6
57 99
95 77
56 73
77 65
9 56
2 21
2 25
50 85
68 56
59 26
25 70
9 53
61 26
97 16
18 100
18 6
53 85
91 31
30 98
74 41
35 67
65 60
48 29
23 65
8 67
25 3
100 45
93 61
60 18
51 79
94 40
70 3
76 29
21 59
16 33
15 100
5 21
4 36
16 54
73 81
4 86
29 1
39 86
40 97
12 89
8 18
41 80
75 61
38 15
41 21
38 82
50 2
54 27
46 80
10 7
19 46
94 76
99 21
86 30
70 84
30 8
58 89
65 45
73 71
79 82
18 90
60 50
65 40
3 53
40 41
47 69
22 5
52 86
86 12
97 88
3 78
85 7
75 64
24 38
40 99
32 58
50 52
31 57
82 32
42 22
54 13
54 64
42 68
10 95
23 100
9 49
62 3
14 69
52 99
49 100
23 68
60 100
11 80
38 54
94 72
18 47
76 45
35 51
43 77
58 33
34 66
65 36
45 79
43 70
4 63
85 14
35 38
87 84
34 27
49 42
96 42
75 35
46 97
75 66
93 74
54 92
27 39
22 19
10 94
99 11
33 74
54 37
65 34
98 81
71 96
13 56
54 100
86 47
23 46
69 55
59 33
46 85
62 94
82 35
62 69
99 52
25 69
58 64
98 10
8 16
25 70
52 41
2 97
82 71
24 86
21 99
19 93
76 84
86 90
28 70
69 18
25 4
53 65
41 68
29 23
89 5
89 51
69 16
13 49
91 82
13 22
83 93
79 94
86 84
36 69
81 44
38 62
84 8
77 60
94 93
17 29
13 23
8 54
77 74
27 39
70 80
46 15
52 98
88 4
76 70
64 22
79 88
78 81
80 60
13 72
17 26
93 13
77 66
76 43
70 15
24 53
2 59
27 4
35 57
93 26
40 21
78 53
69 71
70 28
46 47
57 27
58 24
94 61
41 59
77 65
83 78
16 70
67 32
83 8
85 48
16 30
36 2
38 86
43 4
28 45
4 45
96 75
74 22
88 91
59 46
17 86
65 12
22 70
38 74
60 1
97 91
43 51
15 72
23 57
74 4
4 50
81 55
3 11
36 61
51 21
45 30
18 13
75 72
95 65
50 46
56 34
79 16
3 22
90 12
3 18
9 67
56 18
54 5
38 11
88 56
58 33
78 72
90 11
85 87
59 4
31 71
92 43
19 88
56 73
67 30
60 5
8 88
74 28
37 42
45 3
26 60
91 42
63 23
95 54
43 60
74 25
10 91
72 80
82 18
34 69
84 85
3 2
75 76
88 58
1 7
56 27
51 73
100 28
98 24
50 99
78 68
4 41
69 10
87 77
11 55
5 74
5 2
56 9
63 78
28 83
79 63
22 11
15 94
70 70
45 43
90 22
61 62
80 60
59 86
51 82
59 58
40 53
89 20
66 7
100 47
95 43
66 99
17 91
40 4
25 82
96 99
73 47
76 67
8 23
85 68
26 95
24 89
48 28
88 12
99 62
20 14
60 78
86 90
63 59
100 18
24 7
65 76
37 79
52 15
58 36
89 99
65 96
52 20
73 65
50 1
5 19
13 80
33 96
23 77
73 51
78 29
29 21
34 76
47 4
28 45
7 37
98 40
4 13
31 96
95 86
88 4
25 7
38 20
88 33
90 16
42 55
35 36
74 32
43 60
83 28
56 38
34 96
76 50
2 90
27 37
98 17
37 29
47 4
4 55
42 93
94 58
24 8
9 12
60 16
26 51
81 33
33 13
21 19
76 71
37 24
18 70
69 16
97 71
18 72
61 41
43 80
71 44
53 60
18 4
91 14
81 18
28 57
98 67
18 73
81 7
3 21
95 96
66 5
29 18
4 18
7 41
79 62
18 73
54 44
58 33
11 28
32 68
66 83
71 67
82 94
3 19
85 75
59 22
47 39
55 52
19 33
50 96
5 40
94 66
71 45
68 95
63 31
33 87
53 43
49 58
37 45
47 23
55 24
89 29
9 6
62 38
36 91
77 85
15 44
51 2
100 93
32 57
29 60
98 91
74 16
74 20
79 96
48 62
32 94
41 76
20 58
23 39
11 83
84 29
39 75
38 86
57 70
82 64
27 17
2 53
25 36
1 12
4 10
34 1
62 87
52 56
11 47
16 5
88 45
47 87
42 98
98 78
77 39
59 63
10 4
18 69
29 82
59 99
79 51
30 27
39 93
100 9
59 25
72 76
98 33
55 96
60 7
35 97
17 76
82 15
69 19
77 22
92 14
26 84
9 47
19 57
80 47
48 78
73 40
92 85
23 47
70 64
96 100
14 16
53 44
47 83
66 32
39 61
40 76
21 48
34 95
81 26
53 69
93 48
63 76
63 20
33 75
7 6
64 36
98 70
13 21
31 72
95 6
92 49
54 97
80 42
30 53
93 63
14 91
89 46
9 13
73 28
85 49
51 78
38 43
7 80
13 30
20 30
26 36
21 47
98 15
12 95
13 82
21 20
39 65
91 69
1 32
34 13
86 54
36 14
67 44
57 61
20 79
81 40
93 88
37 3
92 23
72 75
62 6
100 4
87 23
39 60
89 43
23 69
34 20
73 15
3 33
97 18
92 92
55 99
68 57
44 24
7 61
61 21
67 18
87 84
75 45
82 64
67 27
11 82
43 96
19 96
34 33
62 78
99 9
32 74
97 35
79 7
4 18
57 17
82 72
68 15
3 63
79 5
93 25
94 24
83 79
41 74
83 100
57 94
38 83
11 74
90 50
37 71
27 64
50 52
99 26
26 14
59 21
2 78
67 15
1 32
8 11
83 76
12 54
76 10
56 52
69 46
65 26
74 28
8 53
76 90
48 30
5 16
51 16
36 83
23 71
51 93
58 58
5 36
51 83
9 25
55 1
28 83
72 23
11 84
31 19
13 34
96 74
10 18
38 22
8 1
64 32
28 24
99 26
40 95
33 8
12 64
21 99
59 12
100 61
59 93
68 16
19 97
74 9
72 7
69 100
58 12
61 73
77 61
74 77
35 68
93 11
27 74
59 28
35 6
72 33
94 75
10 75
29 63
23 87
87 92
8 59
3 12
27 64
69 99
54 86
83 43
9 77
100 96
33 58
50 77
54 57
53 35
66 48
92 91
83 23
12 9
79 89
73 27
42 44
4 59
56 73
18 18
87 23
99 57
19 67
71 8
40 86
67 40
36 62
31 81
34 67
62 81
18 96
43 68
86 81
78 16
24 14
90 94
40 63
22 46
53 53
78 96
99 9
60 12
36 3
18 74
56 2
17 57
52 35
62 45
14 11
48 39
17 96
91 86
52 46
63 71
86 30
64 4
3 40
88 60
70 30
33 86
32 72
18 76
95 9
64 46
80 2
65 52
81 89
55 8
75 17
10 3
23 60
28 41
24 33
100 90
25 55
5 36
83 25
100 3
45 8
56 33
78 86
10 2
50 81
36 20
97 23
77 98
92 54
86 22
74 3
39 30
82 6
69 21
33 38
91 58
55 31
23 7
1 63
22 61
77 6
58 55
77 7
42 74
37 4
31 68
32 97
10 96
33 28
10 44
10 89
83 84
29 62
31 10
16 30
5 62
2 81
91 21
76 79
44 36
58 54
66 43
15 29
48 63
30 75
19 82
10 87
97 49
26 37
90 26
57 17
55 89
17 38
21 29
27 82
84 83
70 92
39 50
43 14
45 63
9 24
4 19
64 40
12 82
92 36
20 79
30 53
65 21
34 61
75 36
63 24
89 1
15 62
10 98
72 28
25 21
57 99
81 14
9 25
5 99
89 91
19 64
41 67
22 59
84 15
94 37
23 45
15 34
15 16
84 74
62 83
73 49
84 37
79 31
53 76
47 71
38 14
33 53
36 17
74 63
88 78
25 33
14 17
14 87
83 94
12 35
8 55
100 50
52 92
5 44
4 71
2 31
75 37
50 95
60 65
98 47
50 80
100 36
47 44
99 20
14 17
87 12
75 20
82 89
42 2
75 66
74 76
30 66
91 37
68 6
32 1
97 54
62 63
59 61
67 98
45 48
94 19
48 14
67 18
52 81
21 85
54 52
79 65
20 89
64 40
69 13
6 15
39 78
68 57
87 32
62 15
52 12
93 85
11 88
88 89
9 71
79 11
80 96
2 5
55 4
56 56
73 85
4 98
85 44
31 37
79 50
48 95
85 11
68 84
40 19
14 5
9 58
90 95
44 66
100 96
11 70
84 43
14 61
87 70
90 95
73 26
79 19
16 75
3 34
95 30
8 39
88 7
41 67
47 68
71 39
65 5
97 71
20 43
74 58
51 50
70 100
60 66
72 18
60 17
58 92
38 57
34 47
60 93
15 78
98 48
39 30
57 66
12 49
51 42
8 31
28 96
38 54
85 12
57 36
42 23
67 90
13 43
46 88
80 37
14 98
43 98
35 65
39 10
84 69
23 50
53 45
21 23
1 6
91 4
74 65
95 23
37 24
23 86
53 77
1 5
35 87
70 30
24 73
81 33
38 54
62 18
88 36
4 83
59 99
76 26
12 40
87 79
40 41
89 65
74 39
15 31
48 67
18 72
81 28
85 100
93 18
85 49
5 47
51 92
44 62
86 50
70 37
57 21
9 85
55 40
41 5
49 45
12 47
12 68
94 74
92 69
93 29
28 29
8 31
7 67
45 87
62 28
24 5
15 43
70 90
49 87
27 48
33 17
16 30
68 78
63 99
46 1
14 84
47 93
78 47
88 54
81 53
24 92
63 36
71 4
14 77
55 66
55 48
1 74
42 6
50 79
65 94
27 24
61 67
82 25
6 28
77 66
68 29
16 95
54 57
74 31
22 61
4 17
89 56
54 80
68 91
10 25
23 95
50 31
61 21
28 21
32 13
32 16
47 42
66 31
73 9
8 14
40 12
54 64
5 1
68 63
70 58
56 25
69 11
36 8
43 46
34 97
5 19
75 82
89 81
89 85
77 3
28 44
75 94
11 47
92 50
82 51
79 71
11 100
84 90
73 48
26 32
68 85
16 66
67 41
91 17
22 18
100 24
92 45
28 56
4 18
49 44
46 36
91 49
20 88
55 87
89 40
58 60
18 62
73 81
40 70
79 51
53 44
89 99
26 1
61 78
80 17
21 34
6 78
30 73
51 11
18 67
44 71
83 69
56 90
93 36
93 76
43 75
22 89
33 61
95 4
32 91
73 29
63 9
15 1
16 10
52 67
54 33
37 92
6 53
45 78
3 72
32 98
99 68
25 63
34 54
31 3
93 87
37 20
43 64
61 61
94 53
62 10
18 98
38 25
94 32
30 55
75 77
95 78
89 34
9 28
39 89
74 84
58 48
45 43
5 40
36 46
76 85
6 7
14 45
17 53
7 51
11 59
94 38
91 19
87 2
43 55
72 91
60 32
69 44
25 31
42 81
35 81
60 15
29 73
55 35
15 60
2 10
44 52
91 56
36 61
60 60
79 4
38 55
68 28
62 7
89 30
53 38
23 48
80 39
25 74
99 68
12 93
62 100
33 68
38 3
78 4
37 84
93 78
16 18
75 22
35 22
37 6
18 72
1 36
95 80
14 89
53 83
87 70
67 38
5 33
87 26
68 84
73 72
77 35
98 91
33 28
50 100
88 38
62 82
71 62
26 82
98 82
94 96
26 2
22 27
6 50
71 77
32 37
88 51
79 10
25 59
26 92
58 11
47 54
88 9
9 9
56 19
35 29
52 61
47 70
98 32
34 70
29 85
92 27
26 35
30 23
8 14
10 60
76 44
42 65
76 68
25 28
25 12
67 94
62 7
43 84
23 8
42 99
82 86
45 54
64 64
19 10
43 55
76 42
83 49
17 33
87 80
33 65
9 52
24 17
8 73
6 89
21 64
2 84
60 87
23 50
37 68
50 88
35 22
53 48
15 34
4 65
56 77
82 3
5 9
55 59
51 65
31 93
81 4
5 61
73 73
25 43
42 64
83 55
99 65
73 89
41 62
22 85
31 26
60 53
76 51
95 26
62 71
56 41
14 19
65 78
45 100
93 30
37 67
97 28
31 33
36 5
87 54
41 33
72 39
55 61
79 67
2 7
94 80
79 3
65 26
44 67
71 31
33 73
44 10
26 72
3 93
82 68
12 22
87 33
20 2
27 38
96 5
50 11
5 92
41 20
37 32
95 73
95 6
22 30
11 20
52 65
32 79
82 86
65 1
37 22
54 36
71 60
73 100
100 20
37 14
86 33
62 2
54 94
41 2
40 95
12 11
48 5
49 99
50 95
28 83
22 54
39 44
89 35
54 49
68 76
42 91
90 77
32 55
80 39
41 75
7 94
21 91
74 34
59 6
32 67
72 90
60 30
78 64
79 40
69 3
22 29
14 10
4 55
4 40
83 36
8 48
74 82
38 57
5 46
49 24
77 38
1 23
53 71
55 76
82 77
52 39
49 81
63 36
46 5
25 24
25 30
30 58
66 14
21 65
75 51
47 84
4 76
80 85
26 75
98 69
37 55
94 56
59 46
40 100
70 26
43 37
59 75
41 76
75 16
28 58
98 39
29 91
7 50
32 61
55 92
84 71
26 78
80 79
10 94
42 47
1 18
95 92
53 49
23 55
65 39
74 41
15 53
48 92
76 22
77 34
72 20
28 17
27 83
93 56
83 72
12 93
35 48
48 35
62 38
31 14
36 3
40 73
82 45
67 8
9 94
64 6
57 9
94 16
61 4
41 58
14 76
70 29
67 46
98 94
100 84
2 18
88 92
65 71
75 23
30 98
36 96
36 69
81 85
23 19
12 11
29 14
54 18
12 52
67 11
38 28
93 6
47 71
96 26
17 42
25 7
58 99
61 90
97 44
65 62
2 51
72 70
87 11
45 62
51 1
37 4
15 82
90 40
94 16
1 21
25 19
82 33
82 19
22 6
47 7
53 35
27 75
36 15
78 94
45 84
6 21
18 19
45 28
27 37
11 6
83 25
47 58
48 85
46 5
61 6
11 53
73 12
43 64
66 9
23 94
67 44
78 99
54 85
68 93
28 35
47 32
22 18
37 6
12 31
71 49
92 81
81 43
41 85
33 30
28 83
4 40
79 82
10 96
92 94
89 61
33 81
93 95
69 17
75 64
85 87
91 16
93 91
71 20
24 30
65 28
27 67
68 11
65 27
90 11
14 39
71 77
69 75
89 2
82 64
68 95
29 54
17 10
17 27
95 25
44 3
47 82
3 24
19 16
64 13
86 54
6 42
39 73
85 98
16 66
15 5
88 16
58 10
38 75
51 79
24 86
43 44
36 30
96 46
26 51
1 65
43 6
25 60
48 4
17 80
69 43
65 50
67 38
10 20
88 97
21 38
26 54
82 5
63 77
53 61
52 3
56 88
84 57
95 82
46 55
17 66
84 60
28 9
30 58
71 29
14 71
53 56
98 5
40 27
41 10
23 25
85 17
61 100
77 71
48 63
9 93
61 52
14 89
72 56
32 68
49 31
73 95
44 90
31 8
87 24
57 15
26 66
46 28
32 39
34 51
79 54
10 51
76 83
86 71
32 65
57 15
74 4
63 77
62 22
10 87
41 69
79 56
50 73
14 29
41 88
16 10
94 77
48 81
7 81
72 58
17 75
82 35
93 39
71 35
75 73
49 21
43 43
19 38
19 32
65 71
79 46
23 32
27 47
83 58
90 91
25 41
72 25
77 94
73 12
82 86
58 27
90 19
21 80
2 41
28 100
68 27
91 99
33 8
23 48
40 19
9 2
72 53
70 85
13 41
67 46
2 33
53 33
69 41
87 62
27 48
75 98
54 29
73 10
76 74
89 64
2 19
40 89
89 98
34 26
83 55
19 79
78 73
74 5
84 42
41 51
74 20
62 76
15 64
77 91
19 3
11 74
13 74
74 3
60 91
47 16
77 34
85 2
2 21
2 25
29 98
2 29
4 56
58 88
39 81
71 74
79 43
3 61
50 26
57 86
82 16
32 87
14 38
48 51
47 27
57 7
91 78
75 91
84 65
39 48
43 79
46 3
47 81
87 34
43 69
55 89
66 38
46 43
39 48
73 10
92 15
94 61
87 74
88 13
94 94
80 74
70 55
79 6
95 14
53 74
27 23
21 48
29 57
53 12
95 4
49 51
33 54
39 34
92 69
17 55
27 32
63 80
57 24
66 91
39 45
94 25
91 69
59 79
70 48
85 95
50 1
45 23
6 16
18 33
46 68
30 61
54 75
38 48
38 31
55 50
40 51
5 27
21 7
60 18
97 28
42 86
100 27
56 92
96 48
32 36
49 2
10 87
91 58
90 89
76 39
18 60
37 84
24 93
64 96
6 77
66 21
63 82
6 60
93 7
31 71
49 50
30 60
63 41
95 61
75 83
24 5
74 7
46 67
49 25
65 84
91 24
10 57
89 12
87 66
23 32
49 48
5 15
44 86
79 11
40 34
20 74
36 77
1 32
96 64
89 1
58 17
68 71
4 75
64 34
59 5
63 16
68 80
7 3
44 83
71 69
41 2
23 70
23 58
25 24
94 53
52 55
78 20
41 46
4 53
36 10
31 62
53 17
51 79
100 86
41 75
34 67
59 64
46 15
25 9
63 49
24 75
50 29
82 84
1 29
11 12
21 94
42 40
49 49
70 60
1 36
43 15
54 78
68 94
26 49
79 17
82 97
83 89
30 89
60 55
26 81
36 43
74 48
56 40
99 39
14 47
87 53
86 11
33 16
83 4
35 12
48 91
4 99
78 20
81 41
95 1
10 8
35 15
85 91
70 14
98 94
42 41
17 74
35 26
96 50
100 83
81 77
88 30
3 74
93 71
56 16
63 51
74 72
8 35
12 47
71 9
64 40
31 78
46 65
45 49
87 97
28 59
7 14
87 91
40 20
29 84
13 50
73 53
18 11
36 52
88 68
75 94
35 84
67 73
65 91
72 28
34 19
82 67
98 60
62 58
95 20
92 43
12 7
24 18
65 83
42 89
8 41
30 28
36 82
80 79
71 89
65 97
21 34
26 84
2 84
52 34
36 70
69 37
87 19
12 43
61 58
63 75
46 20
9 64
6 6
82 23
32 17
31 19
51 69
37 93
75 56
62 16
15 82
93 34
36 50
26 51
32 58
78 82
4 20
11 74
15 8
23 6
48 9
74 76
45 4
98 19
41 74
59 55
7 52
38 1
65 28
84 55
95 86
79 53
59 58
69 89
41 60
5 40
59 91
62 13
79 98
41 25
92 5
35 64
37 24
27 87
12 49
37 26
86 94
2 73
91 84
6 1
21 78
4 36
72 25
56 61
17 97
75 84
59 80
46 42
86 58
92 12
21 5
54 25
93 50
96 69
12 43
6 87
47 30
6 55
100 6
75 77
39 24
87 76
75 97
41 82
51 62
78 66
74 92
41 4
24 2
52 6
10 51
85 87
27 68
81 92
91 58
40 40
48 87
41 20
12 19
67 99
87 93
72 88
86 67
29 6
42 18
11 91
72 21
84 60
57 88
72 52
97 4
26 91
98 78
50 44
6 6
61 67
33 25
43 84
76 20
75 64
60 78
83 5
87 95
42 91
84 39
36 46
6 38
41 21
63 1
64 82
37 22
25 15
12 79
33 35
1 41
1 33
14 46
34 3
19 51
55 56
45 51
72 95
5 79
85 19
72 45
54 75
80 23
21 65
37 28
36 32
53 52
90 30
92 34
68 83
64 31
84 53
28 2
60 90
60 51
55 61
4 12
29 74
21 37
41 61
40 90
84 3
28 75
83 26
66 71
99 42
90 45
84 41
41 86
56 68
65 7
74 78
29 55
43 1
42 20
67 38
73 35
91 90
57 28
86 82
31 67
57 62
32 31
3 66
80 81
97 1
21 65
62 63
65 11
99 52
67 96
17 89
39 82
47 67
9 97
66 86
100 79
49 91
32 31
86 1
56 14
30 36
32 10
68 31
53 94
9 100
54 21
62 66
64 94
55 86
89 1
83 13
9 20
60 88
32 48
72 5
74 56
44 66
69 62
63 87
21 74
62 57
98 84
75 40
90 57
28 76
38 56
94 99
74 76
17 50
13 86
29 35
86 33
77 50
78 2
19 94
81 61
93 38
30 35
51 11
82 70
93 1
35 78
82 33
39 89
28 53
90 49
50 30
32 84
43 61
69 44
69 5
65 57
83 40
51 96
18 32
91 77
86 68
27 47
59 67
60 14
46 40
49 73
93 59
40 65
2 74
59 38
4 64
28 72
22 62
65 17
29 19
87 42
87 25
65 79
65 4
84 54
33 99
80 90
45 13
90 12
88 42
67 94
44 6
7 36
80 77
12 16
98 39
92 77
25 30
2 18
5 9
76 63
99 59
41 68
15 41
49 77
87 57
83 62
74 24
62 60
36 100
71 7
40 21
52 42
3 40
62 8
39 70
24 44
32 88
61 71
13 15
34 96
58 18
98 49
37 65
5 4
19 88
88 8
56 80
93 13
70 30
73 29
25 62
32 13
59 93
71 31
74 98
21 53
6 65
39 66
5 70
68 8
64 69
45 98
80 93
100 50
20 42
63 89
17 89
23 70
60 27
74 13
62 11
34 49
