84 93
5 72
94 57
51 26
89 40
38 8
30 39
9 72
78 17
89 44
52 2
75 47
89 6
32 40
43 15
64 7
94 18
74 29
19 10
99 50
49 34
37 9
26 71
34 64
21 9
25 56
53 6
8 27
27 67
58 8
79 19
95 52
53 65
74 7
18 38
78 76
87 48
20 100
45 25
100 95
98 94
74 13
16 77
55 89
56 8
28 44
12 73
98 68
97 55
71 89
78 34
99 60
53 38
99 30
69 92
6 19
95 98
85 87
37 3
65 37
88 78
49 66
45 51
61 36
94 51
89 32
73 81
79 85
57 45
73 19
93 92
61 42
62 55
25 18
96 1
57 58
3 36
50 96
98 55
14 89
44 61
77 65
55 92
10 16
13 16
34 86
93 10
80 89
13 84
23 17
85 46
96 65
45 86
86 88
70 48
22 44
79 5
75 78
58 42
59 42
32 11
100 61
96 53
16 40
66 38
62 30
48 11
17 86
94 12
34 2
83 55
64 8
63 16
10 71
31 99
67 33
89 2
8 2
44 97
1 59
100 91
51 75
78 95
65 37
90 75
98 72
68 95
53 72
61 1
38 82
10 27
45 81
62 6
25 10
96 38
70 97
95 91
89 37
13 26
55 22
10 46
33 61
41 16
48 47
99 48
37 45
43 19
82 68
90 82
37 17
24 9
68 27
95 64
33 72
78 28
48 28
92 41
60 72
67 26
47 98
74 58
40 70
95 30
41 56
81 7
88 94
53 97
78 73
11 48
63 8
46 18
76 33
46 25
82 46
24 30
86 77
79 6
74 35
76 4
23 67
75 28
83 51
17 87
61 79
21 26
82 72
35 43
10 95
74 1
100 91
77 27
78 88
72 80
21 84
52 22
39 71
8 9
14 30
5 57
12 77
33 59
19 65
19 7
31 99
50 57
33 18
70 10
11 55
47 17
21 71
65 87
6 92
52 22
64 80
53 17
8 51
53 85
93 87
12 15
94 76
40 86
62 13
64 33
76 21
59 92
39 83
77 31
48 44
43 56
41 49
46 35
28 36
22 58
13 78
20 30
92 52
50 99
55 90
33 46
74 83
31 29
63 75
63 83
64 89
50 70
43 93
50 73
93 25
80 70
46 14
58 8
29 65
79 12
7 6
70 61
48 94
85 29
4 40
78 30
91 45
3 9
92 32
83 25
31 26
64 96
81 2
57 6
11 77
27 90
34 85
16 16
11 87
76 71
99 10
68 24
44 18
39 55
68 61
75 11
77 3
44 88
70 96
35 34
57 34
62 75
77 91
94 13
54 53
56 79
7 49
52 10
76 29
23 10
40 9
8 45
76 71
21 74
80 42
87 39
25 36
12 54
4 84
7 80
6 3
77 89
13 60
2 27
14 89
17 82
3 76
77 69
43 68
100 63
44 97
25 54
44 73
9 92
71 67
77 7
71 96
23 14
25 17
38 11
59 96
19 57
43 30
93 23
3 16
11 74
45 17
13 49
21 15
49 31
20 45
43 80
60 85
10 13
6 26
64 90
55 32
23 1
33 43
54 37
19 56
56 71
64 29
59 15
33 24
28 94
26 22
53 78
58 70
54 55
80 68
32 25
49 34
59 26
39 90
67 41
32 52
98 30
32 30
59 41
67 78
70 77
83 78
43 10
24 7
72 23
60 22
42 99
33 58
18 50
85 84
24 54
54 84
69 72
10 89
86 9
52 9
71 29
7 25
97 79
91 3
6 41
82 10
10 92
37 48
60 43
86 5
1 29
4 55
64 29
45 72
98 33
20 39
88 1
11 78
47 81
66 56
37 81
9 19
37 17
98 96
77 48
11 73
54 8
43 86
45 75
10 88
68 85
14 39
11 30
59 59
73 8
30 12
78 92
90 72
33 73
63 21
56 54
56 8
55 34
6 85
7 68
37 44
85 32
14 32
66 58
74 22
39 49
71 72
3 33
36 30
32 61
50 56
91 96
40 33
92 72
34 80
10 71
13 22
87 70
45 99
71 43
5 28
25 19
52 24
58 12
12 57
44 39
51 57
34 86
71 78
70 20
10 51
10 65
15 36
60 55
3 72
16 21
92 36
59 95
73 75
13 78
10 88
31 97
35 100
71 48
87 37
7 1
91 34
35 36
46 71
6 8
91 35
19 70
93 48
18 47
48 87
14 58
41 93
35 51
42 77
23 83
41 79
36 35
40 80
6 86
31 83
79 7
90 91
2 80
31 98
60 9
58 6
96 92
46 46
18 75
55 71
42 6
84 39
46 35
94 98
45 95
21 64
42 63
16 34
80 22
48 91
95 77
62 65
67 32
52 88
19 79
94 83
44 74
85 59
31 76
33 80
41 18
57 73
46 41
96 6
37 77
45 67
45 37
25 84
94 39
44 67
61 62
57 34
46 89
11 81
9 62
8 74
47 23
71 11
57 11
62 72
57 68
81 6
52 75
54 3
51 57
1 67
86 85
82 29
30 33
80 19
43 90
12 11
81 58
82 78
86 28
55 48
52 99
37 56
2 3
27 49
5 68
56 71
81 39
9 63
10 34
68 19
12 55
12 45
97 80
71 78
65 17
91 37
38 86
20 32
1 27
32 99
88 70
32 37
82 40
27 51
32 58
12 69
14 9
49 82
77 92
41 51
38 89
57 65
27 22
59 55
68 17
31 90
36 6
46 23
77 4
59 56
42 91
4 91
24 69
70 47
3 42
53 9
65 24
50 6
95 10
41 17
71 36
57 35
14 60
70 90
66 4
38 67
83 24
23 43
70 45
32 52
58 87
90 63
90 58
37 57
22 35
11 10
30 41
88 9
52 33
67 38
2 43
40 56
66 98
14 55
92 44
63 97
21 65
61 66
37 60
31 34
84 55
73 66
9 51
72 39
47 32
90 2
83 18
8 15
1 28
4 89
50 31
66 97
74 59
34 2
83 25
16 72
22 44
82 48
24 82
1 32
28 46
18 52
90 87
67 91
95 74
14 82
84 68
54 61
60 94
28 95
46 74
83 29
42 86
90 30
75 42
70 89
57 5
84 30
24 72
76 82
88 45
92 37
82 78
42 77
23 8
91 5
4 25
96 11
86 8
39 14
6 68
19 62
59 55
15 81
95 53
72 74
52 55
37 96
48 13
91 25
7 52
96 59
7 24
97 15
24 50
91 77
81 59
93 87
63 20
60 17
32 8
67 4
27 3
77 1
70 86
64 1
88 87
3 58
92 79
31 21
62 64
34 98
13 76
12 88
92 94
26 89
16 7
40 64
13 26
29 69
85 4
2 57
6 83
63 39
48 24
53 33
34 46
49 59
92 5
67 76
69 27
79 87
38 50
19 34
50 46
1 48
43 36
52 96
33 95
21 35
74 89
25 3
46 37
3 46
63 64
63 48
84 74
68 97
73 63
1 41
39 90
24 58
78 44
3 7
78 80
9 93
53 1
79 6
29 57
93 12
51 65
3 21
60 36
11 48
47 72
26 6
78 2
19 90
72 22
83 2
75 48
18 88
51 45
28 3
19 68
67 85
30 78
72 64
49 92
8 68
67 57
5 65
36 67
34 70
59 90
59 77
97 82
28 3
51 36
87 74
80 12
100 89
22 5
93 68
39 98
86 25
89 32
27 10
10 16
72 60
17 94
8 47
45 14
12 55
49 82
82 87
44 44
25 92
66 42
27 8
14 59
62 54
85 3
20 49
98 57
25 25
12 12
13 50
53 17
34 64
57 56
6 29
7 29
97 25
81 79
46 47
26 53
12 61
7 5
15 13
30 47
46 37
87 15
67 40
91 78
45 22
71 20
2 6
33 9
65 93
73 34
61 2
91 7
31 20
27 35
24 20
100 49
79 99
70 36
33 94
90 93
90 88
35 5
47 44
50 39
97 36
93 86
89 73
57 22
11 12
61 15
28 4
38 7
19 21
36 34
16 8
45 39
68 28
41 64
28 24
50 84
88 66
9 12
25 84
72 80
97 85
77 99
19 90
3 78
59 13
47 65
96 62
26 34
8 40
33 47
71 78
61 22
90 95
69 47
66 74
84 8
61 22
59 3
92 18
87 25
78 92
10 46
60 91
24 81
22 93
100 33
44 58
76 8
12 38
41 55
19 9
38 42
62 13
40 66
20 19
14 28
81 74
13 55
69 84
71 85
17 63
48 26
56 35
49 10
22 16
5 60
33 99
44 67
53 48
98 60
14 75
76 43
64 15
65 66
22 49
59 4
57 89
34 63
23 70
6 41
75 86
57 87
64 49
48 74
10 88
30 49
27 20
93 3
78 38
16 47
96 82
48 69
63 53
95 39
100 76
33 20
88 5
45 47
71 11
56 35
64 97
85 94
18 43
21 55
99 4
7 25
6 27
98 93
15 69
17 10
16 46
20 19
28 36
30 53
58 92
46 3
71 11
53 82
88 20
48 24
28 78
22 60
41 88
65 31
44 90
38 29
78 71
85 83
96 46
54 7
2 22
57 37
48 97
48 29
13 10
26 9
57 25
30 4
100 16
