hi38
46
76
98
109
127
180
223
247
353
462
483
498
507
516
530
545
568
646
762
771
786
797
821
836
862
887
891
926
954
955
956
1020
1038
1061
1083
1090
1108
1203
1210
1266
1293
1361
1376
1438
1449
1605
1607
1618
1655
1656
1659
1666
1676
1710
1714
1718
1723
1770
1796
1844
1890
1977
1992
2059
2161
2171
2242
2357
2497
2550
2584
2630
2635
2637
2666
2703
2744
2749
2755
2810
2945
2949
2963
2973
3127
3150
3214
3228
3245
3248
3380
3384
3384
3468
3495
3588
3649
3654
3683
3694
3698
3717
3726
3732
3749
3761
3778
3830
3860
3866
3933
3941
3980
4032
4048
4189
4213
4221
4232
4276
4284
4285
4288
4295
4342
4546
4610
4613
4620
4623
4735
4745
4746
4780
4837
4853
4892
4894
4920
4939
4965
4969
4997
5062
5148
5172
5222
5241
5277
5290
5295
5365
5396
5429
5515
5516
5538
5554
5572
5576
5604
5637
5645
5667
5711
5738
5780
5784
5785
5815
5817
5819
5864
5882
5914
5942
5958
6005
6024
6036
6053
6122
6252
6272
6299
6330
6382
6412
6425
6428
6477
6485
6541
6565
6573
6636
6708
6712
6724
6741
6889
6934
6972
6979
6989
6994
6995
7037
7072
7091
7149
7182
7186
7211
7216
7238
7265
7301
7321
7355
7378
7420
7454
7547
7552
7575
7604
7633
7716
7731
7788
7821
7862
7893
7899
7956
7958
7967
7970
7982
7984
8021
8053
8153
8183
8193
8208
8211
8229
8321
8384
8409
8453
8475
8500
8513
8559
8592
8592
8603
8655
8681
8696
8716
8722
8722
8730
8733
8737
8773
8793
8807
8825
8841
8868
8882
8959
9056
9162
9221
9233
9281
9339
9394
9428
9453
9473
9572
9588
9610
9711
9715
9747
9787
9822
9843
9934
9937
9954
9982
10051
10070
10090
10122
10216
10223
10279
10389
10417
10430
10540
10567
10575
10576
10636
10739
10803
10895
10933
11102
11125
11191
11222
11252
11271
11317
11343
11437
11460
11531
11604
11636
11651
11693
11761
11778
11887
11888
11893
12021
12037
12049
12052
12067
12079
12131
12149
12256
12325
12333
12376
12385
12488
12576
12585
12655
12668
12705
12721
12734
12767
12775
12781
12786
12787
12801
12828
12878
12897
12915
12954
12987
13092
13160
13172
13189
13216
13230
13307
13312
13358
13378
13416
13427
13451
13484
13529
13548
13580
13595
13637
13639
13661
13665
13712
13787
13789
13801
13837
13866
13913
13979
13998
14030
14032
14058
14120
14184
14217
14235
14253
14297
14314
14340
14369
14379
14438
14461
14501
14515
14520
14534
14544
14544
14586
14620
14653
14680
14689
14696
14805
14859
14920
14929
14958
14976
15013
15059
15071
15082
15089
15118
15159
15160
15178
15196
15196
15252
15268
15279
15299
15323
15330
15370
15386
15418
15462
15517
15539
15590
15600
15660
15730
15739
15771
15776
15822
15925
15955
16020
16028
16045
16131
16155
16198
16240
16257
16260
16262
16277
16286
16318
16376
16425
16470
16486
16513
16541
16602
16698
16705
16742
16763
16775
16807
16836
16839
16859
16880
16927
16957
16959
16960
16967
16998
17020
17043
17045
17066
17111
17175
17178
17211
17225
17230
17316
17319
17332
17362
17370
17389
17444
17488
17502
17523
17566
17573
17630
17699
17723
17723
17790
17810
17814
17829
17839
17910
18006
18058
18085
18088
18139
18144
18183
18195
18197
18221
18229
18316
18396
18400
18419
18429
18437
18471
18523
18538
18658
18694
18722
18843
18876
19006
19100
19146
19325
19358
19364
19423
19480
19558
19564
19572
19577
19613
19619
19637
19646
19649
19661
19666
19669
19670
19747
19759
19859
19935
19939
19993
20030
20088
20185
20206
20220
20230
20262
20279
20339
20384
20408
20413
20438
20446
20499
20508
20540
20563
20581
20583
20584
20609
20650
20653
20655
20668
20693
20755
20835
20841
20842
20865
20894
20959
20960
20984
20998
21025
21048
21196
21234
21288
21306
21333
21341
21350
21352
21401
21413
21431
21467
21502
21543
21556
21566
21650
21663
21694
21728
21728
21754
21831
21856
21858
21913
21956
21963
21989
21994
22009
22082
22115
22123
22150
22227
22245
22253
22294
22305
22315
22318
22348
22372
22397
22433
22458
22461
22465
22528
22583
22601
22621
22629
22664
22685
22812
22816
22894
22939
22941
22963
23013
23060
23134
23139
23186
23206
23229
23230
23289
23293
23314
23315
23386
23388
23441
23481
23569
23647
23673
23695
23696
23715
23722
23797
23825
23827
23838
23844
23885
23895
23896
23915
23923
23926
23982
24025
24025
24026
24038
24058
24146
24151
24205
24237
24239
24254
24314
24344
24348
24439
24456
24463
24485
24487
24499
24523
24659
24667
24687
24746
24757
24761
24761
24768
24776
24779
24807
24884
25002
25021
25037
25045
25114
25121
25196
25199
25212
25231
25231
25235
25250
25323
25433
25479
25516
25555
25627
25686
25745
25763
25798
25868
25877
25893
25911
25989
25995
25997
26020
26031
26089
26099
26101
26113
26226
26295
26305
26389
26487
26568
26615
26650
26716
26811
26841
26874
26916
26961
27070
27083
27089
27135
27190
27202
27225
27243
27274
27283
27321
27353
27372
27412
27450
27612
27637
27673
27674
27698
27741
27754
27762
27832
27843
27851
27857
27862
27870
27876
27878
27879
27994
28022
28034
28036
28052
28060
28152
28160
28164
28215
28219
28312
28372
28408
28428
28432
28456
28497
28545
28549
28663
28715
28725
28742
28825
28928
28941
29111
29178
29200
29206
29228
29257
29300
29311
29378
29433
29436
29446
29447
29447
29448
29461
29542
29562
29584
29611
29643
29731
29744
29891
29900
29905
29954
29960
29985
29997
30069
30075
30093
30105
30157
30192
30215
30231
30279
30289
30313
30316
30350
30364
30366
30411
30477
30534
30541
30633
30695
30714
30800
30836
30899
30946
30962
30973
31005
31066
31111
31151
31164
31193
31206
31228
31250
31253
31299
31321
31386
31392
31441
31449
31474
31494
31512
31556
31568
31584
31595
31599
31611
31616
31622
31627
31648
31707
31735
31764
31768
31778
31964
31969
31989
32005
32005
32025
32033
32064
32093
32096
32144
32195
32197
32204
32209
32224
32268
32274
32310
32314
32337
32363
32366
32371
32377
32378
32408
32431
32436
32461
32474
32493
32512
32531
32536
32566
32573
32661
32665
32705
