0.149358
0.202521
0.249733
0.251137
0.446181
0.599292
0.706168
0.713706
0.770012
0.942991
0.850154
0.91876
0.307932
0.768944
0.759423
0.389874
0.026307
0.0330515
0.265999
0.303171
0.996887
0.96054
0.0540178
0.964232
0.72927
0.24366
0.882839
0.085757
0.613056
0.630299
0.259407
0.395337
0.220069
0.641652
0.409772
0.346171
0.296365
0.221717
0.455336
0.213294
0.599658
0.849971
0.200598
0.355113
0.238685
0.147618
0.43852
0.922605
0.671224
0.509812
0.17951
0.79693
0.0157476
0.794092
0.710868
0.0369274
0.834773
0.596881
0.891995
0.617389
0.0442213
0.149297
0.592761
0.739738
0.106662
0.362957
0.68038
0.496231
0.163732
0.05768
0.461379
0.169012
0.264138
0.902188
0.984954
0.944914
0.343974
0.0985138
0.113895
0.327738
0.11478
0.342479
0.769433
0.0291147
0.516587
0.0899991
0.255867
0.618885
0.89114
0.662069
0.0719321
0.716605
0.532365
0.218177
0.114414
0.00549333
0.770135
0.130741
0.680715
0.849727
0.243141
0.790765
0.176519
0.796197
0.517808
0.376385
0.934874
0.743065
0.708945
0.616016
0.0524308
0.0548112
0.258644
0.0762047
0.650227
0.406262
0.529862
0.00680563
0.463759
0.636067
0.37022
0.273415
0.170049
0.391491
0.303262
0.409436
0.356853
0.845302
0.50264
0.318308
0.54088
0.266182
0.205725
0.65746
0.141087
0.72396
0.723167
0.43498
0.813318
0.710746
0.700064
0.850734
0.0521867
0.959532
0.785699
0.912503
0.467635
0.241066
0.367351
0.859157
0.6404
0.420759
0.525254
0.921415
0.964873
0.556322
0.86404
0.451827
0.383801
0.317911
0.377697
0.955199
0.422285
0.511582
0.00387585
0.0506302
0.426618
0.987762
0.0239875
0.896573
0.414441
0.715384
0.965056
0.1095
0.442549
0.303781
0.159948
0.708914
0.898709
0.752556
0.622089
0.117985
0.622974
0.711539
0.390667
0.7528
0.266182
0.0316782
0.00299081
0.230323
0.790216
0.888424
0.250038
0.727165
0.517563
0.257973
0.871273
0.519425
0.635853
0.0291452
0.345378
0.235939
0.563707
0.530686
0.432875
0.855556
0.0840785
0.755882
0.62685
0.97943
0.651631
0.0659505
0.16831
0.410504
0.7799
0.653127
0.782098
0.570513
0.915098
0.54442
0.789727
0.786248
0.702322
0.428175
0.755669
0.976257
0.0505387
0.0837428
0.322733
0.769036
0.90286
0.696188
0.393597
0.584307
0.117801
0.836573
0.3137
0.708213
0.368633
0.39021
0.212989
0.894192
0.465957
0.212775
0.161596
0.520127
0.010773
0.796564
0.296487
0.833796
0.783898
0.7275
0.57506
0.317057
0.777581
0.214759
0.311777
0.700797
0.276376
0.473556
0.154485
0.661122
0.89288
0.242866
0.656209
0.728935
0.964721
0.219184
0.0990326
0.443129
0.219306
0.687521
0.726249
0.279611
0.1124
0.130772
0.0386364
0.386608
0.746574
0.0991241
0.311991
0.658162
0.776177
0.120273
0.991058
0.17655
0.204718
0.932066
0.116886
0.555284
0.48146
0.818232
0.443861
0.213477
0.802484
0.329691
0.40199
0.113437
0.0235298
0.171026
0.561541
0.992218
0.0904263
0.534776
0.755669
0.618366
0.393017
0.6639
0.517502
0.105838
0.949461
0.924375
0.988098
0.815332
0.826716
0.16834
0.951079
0.874752
0.703757
0.670064
0.150731
0.850551
0.983428
0.414899
0.549516
0.600177
0.359447
0.0232551
0.681021
0.837733
0.244789
0.0907315
0.755211
0.443556
0.96765
0.225166
0.671682
0.049379
0.140996
0.562426
0.597461
0.930113
0.112735
0.0419935
0.265389
0.733238
0.901578
0.223426
0.649678
0.0778222
0.525834
0.925199
0.174291
0.553575
0.131077
0.466903
0.111362
0.151524
0.82281
0.796503
0.324595
0.657857
0.610157
0.283242
0.0151982
0.0415357
0.367718
0.458174
0.625874
0.367809
0.220893
0.482864
0.558977
0.267739
0.261208
0.628101
0.865871
0.496139
0.998108
0.543657
0.56267
0.608386
0.453475
0.600024
0.72985
0.287729
0.304636
0.0838954
0.0505081
0.354137
0.982818
0.52855
0.94525
0.986175
0.132511
0.959777
0.958037
0.186834
0.338816
0.339518
0.551103
0.0250557
0.528459
0.987915
0.963897
0.683523
0.950682
0.264931
0.292611
0.844539
0.144841
0.293283
0.447188
0.445143
0.800378
0.00332652
0.140782
0.332499
0.915464
0.281777
0.569414
0.850826
0.161046
0.504807
0.936766
0.891324
0.856105
0.237678
0.481307
0.436323
0.46028
0.381115
0.161443
0.128819
0.990661
0.546587
0.655141
0.898343
0.268349
0.941069
0.830164
0.175115
0.401624
0.542924
0.341533
0.723136
0.411512
0.850307
0.511948
0.623737
0.40611
0.982604
0.151646
0.440626
0.210242
0.416913
0.474227
0.0980865
0.856349
0.14069
0.764092
0.503128
0.842677
0.501267
0.952361
0.442976
0.565752
0.534135
0.757073
0.789453
0.832636
0.051149
0.544115
0.54088
0.859523
0.269326
0.565294
0.733604
0.663106
0.262215
0.72924
0.75341
0.250496
0.0147404
0.56212
0.0788598
0.514512
0.362804
0.513901
0.987671
0.239937
0.598743
0.266518
0.25663
0.127842
0.0243233
0.200354
0.387738
0.243233
0.232063
0.675161
0.39024
0.793146
0.396344
0.281411
0.651051
0.640828
0.355571
0.719291
0.92407
0.46263
0.766656
0.459944
0.969817
0.953795
0.112857
0.847011
0.877163
0.989044
0.846614
0.79339
0.597308
0.14481
0.448012
0.730094
0.722465
0.488907
0.681112
0.963408
0.0394604
0.0438856
0.82812
0.0961333
0.890469
0.830866
0.183844
0.670278
0.871151
0.899106
0.59096
0.685598
0.898251
0.248817
0.297464
0.152501
0.177526
0.0523087
0.917844
0.333659
0.103275
0.0804163
0.77871
0.831416
0.620716
0.740196
0.430921
0.177465
0.0824915
0.630207
0.608509
0.0804773
0.130863
0.019715
0.416242
0.988128
0.636036
0.157842
0.027192
0.120029
0.222816
0.819147
0.671072
0.627552
0.416181
0.991638
0.194769
0.0367138
0.937346
0.113712
0.976745
0.630757
0.181341
0.766442
0.475784
0.928098
0.407666
0.226447
0.196173
0.912656
0.674917
0.787317
0.349742
0.172033
0.0508438
0.253945
0.996765
0.600299
0.129154
0.517594
0.946226
0.821436
0.384075
0.617084
0.197668
0.989746
0.394147
0.192236
0.20484
0.123539
0.466292
0.7369
0.742943
0.628163
0.691671
0.556078
0.660726
0.164678
0.964354
0.835353
0.298685
0.520829
0.994079
0.727103
0.854335
0.639668
0.844569
0.86108
0.476089
0.46321
0.0282601
0.184729
0.366863
0.746361
0.6892
0.540147
0.678884
0.498001
0.90466
0.883236
0.480331
0.205206
0.637654
0.551927
0.576067
0.497024
0.370769
0.489669
0.462661
0.40376
0.953032
0.829798
0.199622
0.868435
0.690603
0.747673
0.47792
0.66625
0.213446
0.986877
0.667013
0.388623
0.148106
0.965209
0.121464
0.64803
0.128574
0.86697
0.528947
0.159368
0.176397
0.628193
0.580035
0.85519
0.980987
0.220222
0.742027
0.689749
0.111515
0.138737
0.417035
0.289102
0.692312
0.503952
0.266427
0.103153
0.571368
0.678335
0.982543
0.215827
0.515152
0.808344
0.288491
0.469558
0.459578
0.196081
0.4485
0.0607929
0.34904
0.907346
0.0684225
0.262215
0.594501
0.522202
0.469069
0.428236
0.682028
0.434431
0.412885
0.93997
0.963042
0.606067
0.465468
0.245766
0.157109
0.183264
0.77282
0.654042
0.599567
0.879696
0.536302
0.0338145
0.763604
0.533708
0.96585
0.0802637
0.089877
0.745842
0.992798
0.300394
0.653493
0.00231941
0.524155
0.376141
0.700125
0.191412
0.518754
0.0603351
0.582904
0.918393
0.667074
0.262551
0.130497
0.525681
0.95587
0.480056
0.978545
0.224464
0.898679
0.231178
0.894528
0.243599
0.713767
0.64687
0.628956
0.402509
0.230476
0.876339
0.322489
0.0140996
0.805353
0.463759
0.0011597
0.524247
0.0291757
0.351909
0.190802
0.793329
0.506668
0.668752
0.181829
0.427198
0.489151
0.953703
0.975646
0.0628376
0.642354
0.979522
0.443861
0.0154729
0.730186
0.826136
0.731895
0.193182
0.495621
0.362774
0.437635
0.685476
0.520188
0.794427
0.597064
0.931852
0.343394
0.429029
0.00753807
0.876644
0.622822
0.321665
0.920347
0.0166326
0.616657
0.951964
0.633412
0.747307
0.770012
0.590777
0.0161748
0.914151
0.685385
0.512925
0.49675
0.975494
0.259804
0.711509
0.543535
0.68276
0.268777
0.270638
0.172277
0.684622
0.178961
0.0525834
0.509598
0.96115
0.470534
0.855617
0.944426
0.494339
0.250587
0.698691
0.898679
0.0813623
0.438826
0.38963
0.748405
0.69631
0.306742
0.0323801
0.926237
0.307321
0.65157
0.63036
0.737053
0.554918
0.386212
0.441328
0.917661
0.197913
0.826533
0.240883
0.471877
0.733207
0.457045
0.150151
0.81225
0.0954314
0.456496
0.18421
0.739677
0.84344
0.764336
0.177587
0.292123
0.738701
0.969512
0.242805
0.993866
0.123051
0.802789
0.41847
0.536088
0.00140385
0.51381
0.663106
0.42082
0.235481
0.914335
0.850795
0.598559
0.755547
0.368267
0.925108
0.631519
0.195685
0.510941
0.86758
0.413465
0.859401
0.977355
0.636769
0.977599
0.421186
0.922117
0.734214
0.42317
0.271065
0.611286
0.553728
0.493027
0.907743
0.867702
0.170171
0.832362
0.286691
0.651295
0.723746
0.460494
0.530106
0.555345
0.0562761
0.486923
0.903684
0.499771
0.756127
0.602649
0.467849
0.403333
0.26664
0.377972
0.308908
0.115299
0.216407
0.898648
0.756218
0.388226
0.625599
0.770592
0.492294
0.172948
0.145878
0.0255135
0.961699
0.0173345
0.989898
0.957854
0.984771
0.849391
0.706015
0.424604
0.982971
0.926664
0.455611
0.639637
0.721671
0.232948
0.948088
0.99295
0.976745
0.103275
0.690359
0.926725
0.0311289
0.358928
0.707602
0.399548
0.408277
0.733207
0.390057
0.96939
0.747246
0.869686
0.623981
0.0270699
0.227485
0.67391
0.861202
0.211615
0.448286
0.299753
0.285012
0.538041
0.1695
0.552019
0.727683
0.269814
0.820154
0.986053
0.496292
0.0662557
0.180486
0.486007
0.763024
0.436842
0.144505
0.603015
0.675985
0.0332652
0.968505
0.433882
0.847255
0.810816
0.912229
0.322764
0.374035
0.58977
0.679128
0.165685
0.0490432
0.0489822
0.561418
0.600269
