11430
12569
16720
17344
18409
19650
22343
31152
31409
31562
27265
30281
342
25845
15348
16591
9829
9248
16039
5729
12791
27861
29061
26886
16772
19451
15858
3177
27291
3889
20504
31965
30167
25597
18811
6046
17934
29222
468
10329
16331
30046
18972
28655
17663
6692
26087
2167
6387
8681
12019
19074
16513
4722
5889
6050
12932
29821
31715
11821
27789
26023
471
27198
16344
397
26643
6141
27262
26162
2977
15136
20715
22433
3181
28594
27539
18131
18589
18451
15585
16338
8736
19521
25456
799
17034
32341
7294
20049
20767
2129
19102
6144
20269
30488
21676
17121
3744
9918
28934
3122
30416
17410
12537
14681
2973
1817
24698
18632
27326
2990
3607
10787
13142
27174
20269
16805
3016
30248
5210
15040
14797
18013
8757
28163
196
26996
573
24129
14921
27754
16
4336
23816
5640
1758
17871
26067
31661
29468
20940
22259
21325
11389
8484
16828
9914
7198
9420
3685
19490
21248
12048
30230
18393
29884
890
25409
31577
14962
7669
11318
17800
8707
30002
23538
30777
7552
15435
32056
18164
22242
26534
7140
4858
23547
31005
28795
14468
18092
22363
27142
16716
13657
13449
2593
8270
10138
18475
18255
23248
4915
24644
27024
17056
17735
3521
5430
9629
25544
28692
30708
5752
9010
25632
19512
12988
1145
6741
9914
2572
12095
22556
16981
2732
15435
26741
15895
5956
1079
32734
404
10720
18024
6008
15231
10298
15428
869
11899
19772
27806
18548
16430
19393
21365
29952
32407
3740
12767
277
4002
14811
6720
31189
16122
20813
3263
31770
7711
10305
14331
16989
27320
32401
12793
18903
12074
28383
15714
21221
20841
4639
28395
16561
1039
31829
18196
7183
19883
30368
5141
15781
6747
6776
12309
25423
2973
12852
28574
13506
31330
719
21582
31599
24420
25323
22479
4522
5562
17174
25353
19723
11177
2893
17813
26644
13758
29118
16757
12053
22553
11986
32515
29773
31244
12907
32040
3922
22501
15979
20942
27571
26375
2677
20120
27355
16448
21751
24016
7480
1110
1384
11169
5789
28387
17358
28550
25061
2915
10628
27138
22490
16524
28474
27282
23893
9694
15421
29152
19622
22394
31481
17465
3637
15415
22204
65
9322
29171
18108
3557
11979
21543
19036
31122
10340
20670
15019
4004
25964
32552
21805
19490
5157
11690
25567
29352
17668
22776
9845
25252
15890
16901
24806
31685
7570
5658
13098
9905
4068
23846
7746
22007
7337
8789
23162
4932
20264
2787
25323
27865
15857
20275
23107
22332
13759
18971
11465
22318
2979
4738
5019
2014
23135
21294
23866
20828
12048
21719
8009
25424
26897
28288
13714
18412
20763
20487
12874
8991
11185
23290
9110
29196
19131
32172
21070
24250
25201
17544
24064
31757
9594
5542
23096
32245
27733
19100
20734
16869
27641
7319
20129
15239
16312
5802
23219
6574
19049
613
597
14220
12998
682
22453
11813
32531
20668
2772
6659
5121
20377
32653
26923
6865
27018
1235
17745
4796
27640
4410
28232
4499
21889
10424
6332
30627
19019
20397
9507
6875
8856
12066
17137
11569
18331
20046
21515
25153
21131
1375
9343
6199
8693
3447
19058
2032
22870
20980
16986
16476
32489
26356
7021
28967
11198
18712
18520
18584
524
19081
26677
26809
24008
20793
7095
14264
29558
19052
15016
3981
20800
30582
32150
4317
30277
30662
28617
7454
29747
13347
15736
15357
20248
3894
12860
28668
3957
32585
31684
15968
14997
30030
1227
28234
9500
13603
31815
17188
21475
788
23779
13886
24323
19106
2224
29625
2864
8834
19735
7845
3401
20969
25363
8294
11308
15111
16285
1884
13519
20177
18535
14531
29837
28164
16588
31191
11709
23399
775
5180
14985
9040
22948
6558
20990
7273
3381
2709
9055
26036
31302
25803
15295
1485
17299
23648
27086
3952
29816
17549
5108
28474
10152
27528
13468
18100
1570
28072
28883
30861
12897
17354
32017
18983
29651
4339
17494
15958
13965
29495
1401
3428
13117
23513
23229
24152
21344
12979
24486
9591
9653
18648
26891
19468
30449
24185
875
1381
25268
16389
11141
29982
28860
16020
29986
2722
4697
1926
5174
13806
5152
8039
31783
22936
22500
1046
2413
7696
27362
14887
26971
2599
19516
18821
13372
1229
30633
27996
28066
9247
2154
31542
24315
28065
2176
17764
101
27591
16412
31903
25540
15547
6487
21743
22033
32346
27683
29132
10997
15231
18049
23939
26262
16005
1269
4060
14769
27911
20279
18426
1001
4330
19756
15746
20574
12958
10260
27904
130
26784
11269
902
6440
16452
7576
11670
26078
9137
6114
19777
26237
24877
1702
23441
15102
14235
4296
31013
399
3137
1797
29211
23270
11727
10978
14643
2262
18589
25058
7728
23328
28725
10492
17282
24203
25105
23628
5923
567
26022
9993
21183
10030
28065
12215
18199
20028
24176
21662
30375
22529
7684
3194
17286
2884
20693
16244
13455
21898
26663
11345
5566
31207
25996
11754
30684
8725
30635
29916
21343
1475
21567
2432
21132
7215
29539
10782
1758
3063
4108
22877
3499
19757
4567
12542
26629
12713
17413
19658
2527
18339
32195
25033
25712
19073
8111
21941
28637
5613
2713
27310
30738
20267
29574
21295
12528
14505
14587
16961
21934
25560
7544
19439
22393
13627
2882
10745
24414
28350
17765
14541
10090
13384
10746
16562
28432
16019
27046
24391
3786
12348
22627
9516
28419
16662
15235
15359
26165
13252
14578
10378
16975
18823
19387
32058
345
10324
25037
4307
32090
26410
1792
3427
3962
13474
16723
27509
28260
19400
631
11654
19438
11049
21138
28605
30204
16941
6205
8150
32417
2215
8654
29024
12168
13483
21469
25128
19603
672
8449
25333
27073
17301
11995
30837
22613
9689
19542
26744
28469
27589
7468
18268
12944
1245
7853
31176
7875
15640
27068
32414
6782
30331
22042
5418
21538
8428
25319
5024
3694
25670
2149
453
8283
12457
22272
19436
11332
10516
1931
8740
21066
7221
24781
22448
25079
32639
5692
22199
20258
8318
1032
31805
28178
103
27739
28754
15078
3572
6624
20105
12339
12654
2946
12972
28912
24331
3446
32174
18831
9083
25467
26337
19565
24254
26720
11625
3436
8504
18119
32241
16606
24327
12074
24733
16806
28052
12059
17215
17049
32616
3536
29645
12075
4674
20958
7955
32583
870
21573
10149
638
15927
1197
26904
26212
14600
17135
15217
31799
13360
29143
19166
450
28508
10025
6052
29057
18730
7393
12889
7686
31987
18367
2131
7323
29415
14083
21600
17193
22112
8566
1975
15705
26224
17321
16175
31992
13500
29569
6319
2464
18062
3315
31974
29589
19493
7181
12604
28141
25168
26678
17928
21492
4667
17590
13571
7630
904
19065
17405
2142
5281
24335
32718
29799
19789
11512
25488
16625
24450
28959
11
9455
10875
16804
14193
19486
29705
12766
24908
15152
19502
30625
27316
16170
20200
30140
18117
27659
14411
20422
17232
28334
32466
27419
5585
13809
26615
289
13473
14103
19201
9936
20589
20843
30238
28017
487
5414
27057
165
32699
29075
24045
26026
28869
3697
18083
16346
11905
21657
18776
15988
3011
27105
22939
6047
29608
9279
28566
13484
29900
14386
3298
29596
3261
9821
928
8674
18352
11381
13253
5226
2163
15710
12981
217
3235
17553
4372
31767
287
14529
13016
16907
15036
16830
28067
10917
26427
30105
24913
28706
19064
28937
16076
10891
23523
20237
28968
9343
22580
17363
23788
27955
7003
24281
10669
19383
22198
14418
18914
30587
30599
3531
13555
14865
20901
4622
1939
24116
25202
29767
32336
4106
16396
25189
32360
4774
2248
2755
8415
28369
26332
24840
29646
32522
31835
10828
26110
31947
19303
5244
4277
29454
28322
23807
21456
14864
13797
19097
30738
24661
31541
32400
19388
9452
17394
24846
27998
26356
594
11463
14572
11871
2830
24027
2836
12790
4955
2046
20175
32413
19228
22486
2359
9177
26454
17316
22424
2447
12516
12071
5065
21263
27500
1726
4797
29520
10385
5580
12629
22141
23402
7264
9080
17585
16435
26646
14694
25088
27715
29752
3913
28598
6718
21801
23310
13027
1676
29444
19570
9239
28682
22400
13152
19562
4351
4887
24698
29631
9297
32103
29686
1098
19193
21720
3755
18256
26036
383
6507
24366
14075
32578
5780
8861
24886
13117
12770
15668
5421
12389
647
14639
1215
12139
13182
22126
28118
15844
1564
21185
20890
26790
25320
1890
11237
25973
27820
32707
16119
32735
18892
28042
18284
19812
6103
7642
11371
27866
15708
21461
31
21776
3583
11359
25707
30386
29899
28452
10201
13676
6346
28892
11988
31826
12243
27342
32024
29056
29604
27538
29542
3325
27953
17692
5500
5862
2619
7158
27716
20680
12579
31693
22604
20045
18177
5423
26742
16667
23537
2195
2289
15353
29101
25242
7783
12595
4193
11668
24952
12352
7610
15430
3688
9891
10816
4587
15636
10255
10471
2936
29995
462
17632
11812
21146
7524
18869
16168
20040
30319
20885
2243
32516
10193
11757
28802
26300
21521
15928
17086
8175
27903
10519
22374
32612
7831
11172
29695
32285
24872
29443
3816
32647
30390
13371
22499
18419
22428
30276
10705
14153
21109
16994
18877
7163
25405
11953
5916
12857
1460
30464
4435
9060
1795
6114
22138
6596
6818
8195
32608
15485
13945
11193
31951
10175
31302
16091
23057
13630
9790
28886
2226
10466
25847
7933
6536
5567
27781
6433
1777
3911
15076
31842
29788
31422
29078
12356
1803
5359
5260
14854
15383
30
12362
23087
24500
28221
11079
10345
2486
15203
18066
8594
17236
3193
4539
23569
14892
17975
22001
22118
9352
28751
15464
5125
15072
22759
13310
31845
27296
3149
23069
12372
9770
29926
27363
18829
30239
14184
31872
14476
12251
8009
2528
13473
30014
12152
4235
29252
25010
11082
17865
5032
2153
11191
9993
1939
10215
5318
27011
19052
14017
32582
3357
15766
11684
27327
5771
2300
12952
19368
13499
15085
2438
18906
21872
6699
28152
17221
27949
24126
14881
26338
30292
16910
32541
31720
27535
9393
29306
10563
16751
11394
21750
20802
9043
8307
13962
21904
30604
27556
15272
22373
28350
32564
18370
18429
8841
1623
12555
23882
1897
8360
24961
16102
13787
5825
2347
32587
20162
15625
17823
13638
32520
30926
25288
18857
26248
7060
6374
19777
26156
2220
27606
27399
6482
22792
3988
19098
32373
29005
30206
30445
4873
15914
27099
7485
26278
2793
23323
14407
26985
9795
16480
31671
31128
18809
12734
5091
29828
30112
8383
3513
20148
15164
20907
31478
30527
8209
31238
9882
2682
5942
10329
28056
6099
16235
22838
4049
32509
23468
23926
3395
10318
14855
30149
25470
7269
31914
18273
16216
16143
31040
3614
30434
12652
8830
12206
24475
8013
12280
5151
21731
31713
30778
26533
690
29073
12564
10650
18569
2344
2613
11459
18601
19511
22011
27861
30596
26296
13450
23863
16241
3057
29980
5386
3235
8859
8600
31847
21852
31812
26725
24295
29278
7154
22656
1897
23459
20489
9164
18703
7501
9070
23466
6538
6368
27117
23498
8344
26287
27608
22337
24778
27540
29937
15323
23947
30436
19082
24498
25182
31906
19691
11519
20327
16371
18420
16433
3885
466
14084
11324
6558
2053
25
22836
10324
4176
27192
12570
22
1000
21263
3830
29602
32554
26585
9253
937
397
25986
18421
16412
22998
9227
25967
20134
8843
28977
31604
14970
25257
32329
25356
29006
9881
25967
20474
4519
9569
2527
16276
28248
17944
22435
18897
27461
6556
9839
2212
5997
7303
17353
2440
10280
21854
26732
32092
14764
8972
7407
6770
30934
20367
20898
25827
6696
15090
11705
20773
16910
12923
22956
29919
16997
18469
18653
14843
20797
15952
18044
18429
7390
23480
18855
6036
24842
15268
21718
25711
24962
28256
25719
29010
28108
32236
12501
21097
21042
10998
18238
12764
23054
30214
15973
17059
18245
18681
2565
21916
25362
21680
12743
17627
3077
30473
28518
10561
25931
15630
30737
3664
2863
21869
29969
6205
28897
1833
28587
20551
19318
142
13384
2888
11825
4714
28883
7818
15361
11130
4707
22235
4682
10275
9754
26084
20712
19042
16717
14774
25458
28166
13540
29350
28603
19741
4100
27483
3487
26796
13804
1829
11260
27043
2845
14992
18174
3599
32190
570
21408
30354
27966
15329
1135
26640
13627
5568
19345
21932
24483
2076
15879
18163
16921
3354
15407
28246
2714
2771
909
990
32608
9130
3530
14363
30214
24798
24829
21342
17902
27483
13610
21800
14816
18134
4872
10209
17651
17176
20488
15565
32433
6042
2962
9277
10870
23891
4498
30210
19993
23246
17971
7719
7118
22143
32490
25056
13131
25431
27831
12477
32298
23446
31656
5667
11151
32225
19358
24317
3850
24724
9811
18351
26303
12121
5788
17995
19652
26362
1260
17672
22474
883
32026
24816
12032
21580
356
216
5428
27429
3763
22677
12091
22675
13857
11373
2452
11050
28600
26828
8520
25819
2684
25144
29716
23169
23980
20871
23498
12726
8006
24656
14581
28907
969
22943
12476
21944
2878
21229
521
25968
8057
24911
13802
27641
26525
12013
12087
23770
29918
1206
23925
19094
11403
7250
5882
26681
4939
20056
24146
18736
23975
28866
5858
21341
27080
31134
27851
5995
1666
14854
29713
863
11154
17745
17149
9072
1828
22667
3007
25881
1177
22051
31064
4204
12422
10724
21431
27561
7680
10534
12066
15631
12567
17222
10968
7922
29344
5715
757
23054
20792
15370
31125
14875
29573
25349
23356
4258
32703
2095
8822
23054
31855
25723
32442
14598
11895
25302
17044
15354
6227
12890
32004
8444
32414
18628
16929
3026
5592
26920
26369
25161
15718
739
13533
17100
27610
31954
22385
18740
12405
16577
2722
5602
28138
6950
19299
19211
12901
17168
4057
29780
20684
7770
19133
3231
8005
5668
15875
5668
32504
3971
24761
30915
4374
23672
23601
6808
15642
14623
25698
26321
27727
10537
28556
14012
7826
18828
4379
20772
15449
27257
31694
29662
18932
1423
28440
7071
24595
25678
5063
32273
3465
2766
3043
27173
1615
15025
14809
682
17356
8790
728
1823
31315
3151
4220
7877
2030
8982
21930
23033
16474
7419
23227
24001
14930
25697
5340
28069
529
4138
19636
18368
21778
16496
22600
1814
19226
13174
11292
40
4216
9950
1947
19398
5515
22812
16569
29733
22406
16170
29399
30769
9840
17021
5351
6436
3183
6969
15056
9816
14917
6817
1556
15193
7451
31185
2480
9279
382
175
9540
23611
26535
6431
7027
23151
27903
8822
26509
8451
28386
6450
5739
17013
19107
26344
9883
20784
24273
28285
13246
28001
12729
10393
28973
25862
24876
25689
14307
6727
16259
68
11159
9226
16863
12161
15144
23746
9142
8007
62
21383
25483
4244
16943
21356
31996
14882
8223
29965
1026
1687
9836
28263
1397
763
21321
5357
20686
4464
20136
17880
3889
13341
22878
10430
19371
1132
14209
102
20664
10869
6677
32219
32520
26810
19432
18879
386
4116
9659
14306
650
28653
3490
22803
18047
5808
1454
24374
20360
30334
3528
1943
28305
16931
23776
32638
26000
5704
13640
30468
32525
17129
22618
22052
16097
18698
23905
18453
4158
24742
28599
4311
5359
6889
14378
24845
31201
29855
30116
7178
29923
27883
2316
17454
20394
29756
30823
371
9240
18301
11587
30275
11710
2956
29269
22157
21663
15598
29793
29975
21814
18369
19034
15126
10683
23537
18635
15868
6307
20911
9333
26513
3174
12831
10297
25669
6276
14417
569
19396
20426
24179
27707
14284
20433
19269
13134
15675
9673
13261
25263
31597
28788
1355
5613
13764
25461
27503
13900
11144
4043
1738
10087
8690
5529
26499
10010
21635
9000
8267
25759
16282
25902
1426
4855
31046
19537
27899
31372
3161
19431
270
19988
2494
30208
32046
18104
17420
6310
26058
19318
26970
16483
4311
10180
28502
17412
4733
5494
1425
15773
25104
7649
541
5325
19267
5697
31834
32323
32664
15192
2573
5249
23579
12376
21170
28128
14160
25859
27924
21461
19306
10001
15130
32626
4285
25298
14308
32560
7286
22292
27670
10731
22410
16455
31860
17198
8684
16095
1712
13489
13827
31994
16511
288
24667
22339
3314
21534
24475
3350
31748
21386
183
15333
26736
5633
19302
10714
10181
25252
21207
9149
187
7707
32415
29209
23496
2266
24567
10650
25071
12962
26404
23226
32217
18251
3382
25756
29478
6338
17909
28472
5
2638
19993
20665
15618
16663
10681
25123
12064
15848
26374
1849
16424
17460
31033
28062
4416
12887
16330
18234
23487
12063
3555
991
21568
20619
17940
20013
17398
8146
24136
20403
19519
7847
24568
86
2171
12732
14494
1271
542
5253
28269
24912
11012
14910
3391
287
20997
16431
24527
23687
17866
21807
18728
15283
6622
14951
21085
23996
16904
16728
16507
1741
30681
27424
18108
14725
7809
3320
10493
8092
6375
7682
25202
26058
17912
4674
9369
3812
5950
26345
17004
585
30133
17370
23515
22908
26843
22119
23929
12562
13319
18779
10358
207
24059
32318
30413
16140
22204
27604
20414
21339
12194
17895
8319
7278
6571
21062
19759
3381
7700
3854
19979
9543
17707
3624
11492
18563
8031
10771
30417
14839
25753
30692
30241
15873
7631
6795
18579
10163
3286
23383
9674
21884
18039
11197
27131
24837
12998
29781
14569
1626
26543
21797
19731
1610
4562
15138
18219
2064
24465
28404
4555
15923
8806
250
11620
21162
6778
13966
30839
24132
8308
23690
18439
28487
8591
8970
25678
25431
8688
26228
15791
6298
14646
2486
28140
14874
15698
17871
22937
11115
3993
4753
1488
22413
16407
3237
30247
26387
31527
31951
9951
8581
30017
25715
30558
32260
18706
13145
6367
10028
31698
2733
21865
30271
7122
12618
17149
10623
11604
7480
14100
23003
22944
13938
3657
29646
5204
14061
7250
14213
11004
19415
22580
1088
29410
23580
6327
29434
2344
6191
29976
1100
22803
14087
7679
25999
23722
1128
17072
4417
19328
9315
22149
20137
11214
12320
19100
21694
31172
4059
4045
5190
22817
13869
29919
27963
1282
8333
13563
21362
29175
16662
19040
9855
22108
13707
22873
16595
3303
28568
18284
551
1405
12890
21205
22814
14410
2338
15923
4133
20240
7030
25728
24990
30911
601
18758
5951
6983
717
30992
14516
22442
20885
19999
3468
5205
17471
27999
30290
432
4962
3994
24826
19700
4645
27370
23680
30013
32512
20596
4043
30432
20935
21075
6103
16638
10980
1491
4371
10585
18403
13792
20488
21095
8501
6590
3388
14245
5421
25594
2134
21550
17487
15776
26242
6028
714
430
20503
7374
835
19657
4472
22490
7892
13615
17208
11525
24149
16109
15745
9953
10458
24658
23222
15958
15228
10915
19799
26869
20061
27408
3365
24968
2790
22503
8071
24302
14163
7688
16173
11558
15218
25241
9971
23721
25255
3322
1032
31741
32564
27899
21327
3975
21175
4429
11781
15265
24564
25143
18853
21740
2517
21642
12040
19175
9135
18647
27857
8385
22215
27359
18696
26732
277
9547
13829
29683
29000
32158
3728
12557
9226
27751
23878
25330
26244
1467
13119
11885
549
1506
20973
11315
21919
5713
11335
30067
32563
24280
807
24238
31791
14109
8433
21705
25013
3145
30838
4193
4797
20225
11032
4958
5981
32152
14894
9419
31049
7811
26538
16101
18838
16141
2553
9073
13251
19020
22314
2643
16889
19539
27475
7773
13970
30121
3632
15461
7897
29434
31758
10394
784
27917
13799
11800
22456
17654
7375
23737
5132
24717
23694
22830
4559
6942
27023
29519
6727
11874
5625
30384
17546
10158
539
26997
2296
15723
27661
11623
11785
6342
8852
14151
29257
26536
8007
20578
6048
19177
3056
5733
13271
29889
14133
11635
27224
2943
15480
22645
29493
9341
25339
27569
4972
27475
30792
19871
27242
18763
10704
31223
14541
8469
8658
15119
1134
29372
27518
3428
15775
31705
25179
24950
18865
10247
12518
12250
5818
26006
8828
5002
7316
12932
19577
24191
28457
30120
21154
23682
17902
30769
19136
14399
7342
4943
910
13979
20873
26160
13013
15431
25660
10286
20182
20885
15011
27463
5864
6283
3708
25293
3938
26935
26733
606
29883
2113
19529
2327
27120
11207
31375
19717
26150
16996
27443
23260
9617
12434
26017
15852
8596
30771
23040
1104
21546
32362
24499
21353
19076
25519
32038
8331
19188
8739
7367
25077
4617
26144
21330
19463
27388
21781
23378
28335
10058
13969
27109
18213
14755
13213
16575
6616
30723
8271
8561
10408
18719
924
1515
6485
16642
20846
16960
8247
28920
2806
29610
17200
28331
14660
24782
18656
22156
30229
12097
10263
19828
30444
4682
2960
17803
20068
22250
15836
2666
22468
28953
4508
22652
212
28243
6643
938
26095
29011
18235
28983
29786
6943
15351
26856
1748
1348
28169
361
12398
12643
26662
11244
10653
4588
16262
8979
5006
4138
4576
16656
1465
13184
8085
267
6585
19954
22060
12227
26971
20966
24318
3961
13045
13612
1586
29450
6137
1341
3564
5211
10697
4288
16834
10745
14541
19027
24176
1
6596
18567
8652
6206
21847
1836
5884
5522
30196
19920
29414
30359
26585
24450
5352
25477
8047
22492
32713
4951
31194
22848
24304
3113
3022
28769
27604
17125
21156
20741
18356
24094
31661
20490
7560
8252
13766
16039
8247
15578
16684
2805
14602
7532
12690
18862
31329
22821
5745
3380
10917
25624
32160
11733
31613
14749
1060
26445
16709
1526
26953
28556
16060
4914
22514
27322
22780
32082
23085
24697
18352
29099
11018
5738
5505
32139
23214
29682
1233
12319
30883
21310
11436
5012
14450
25476
25083
16765
17524
140
16635
5749
13029
9072
27374
18693
20794
20640
19473
26568
14772
10024
32205
716
26422
30006
6449
1084
15188
30166
3488
31804
10924
7169
20423
25621
889
3798
29906
7314
613
15143
3552
11178
10655
7735
22452
32094
3630
11714
4781
11237
3973
318
5880
4871
11607
8289
30980
12999
28588
6883
21046
9540
5429
19845
479
11233
31708
30802
31339
6052
30624
2597
28379
4316
2976
17771
29813
519
14709
8746
27833
10738
23237
4419
19352
6434
14613
1268
3553
7795
22495
25248
29692
26367
9445
16851
21722
21825
708
7297
7468
21371
25036
21646
20179
9556
23311
12947
5272
31942
440
16864
15902
22071
24223
11709
14356
24550
18970
1014
21679
28809
6165
150
30808
20789
19045
18162
32418
24189
15705
11241
27518
17630
658
30059
15538
23643
24085
13112
28551
26468
6559
5354
3778
14588
8761
24886
23766
1563
9227
29295
28248
26193
6261
23627
18611
18349
31324
7914
22813
23005
5314
2836
22474
13462
8090
15299
27487
15671
7898
18657
8361
4009
14289
5970
2703
28297
28859
27189
7749
32393
3731
6503
8131
20755
1320
4425
12918
560
11635
32708
25141
28073
13864
21130
14454
16236
651
27294
12738
25392
27525
10518
10086
5980
5879
14624
364
10021
22862
15171
17609
4087
21848
13799
20952
5655
20054
28440
26375
3206
24658
4999
15313
21544
4786
20177
18412
22053
30990
14596
2755
32144
22079
15712
26406
29767
30136
24154
26432
10010
12058
31463
31946
21807
18434
30966
4479
11940
10277
31038
31696
18039
5024
30779
11224
23459
24457
115
9362
15756
21706
20990
5450
20381
13615
9029
10065
28720
5821
24330
21493
18094
2374
937
22192
15607
14906
1949
4000
10244
2752
26437
27191
25547
19461
16360
7220
26210
5588
7160
20690
3688
27496
21651
5183
12449
8830
11343
4943
10464
16558
1847
882
29226
17146
25617
18148
2584
936
31459
8483
9085
12877
9397
4006
27721
4651
28823
6860
27309
29372
2534
13075
13696
5775
21452
28298
3042
31827
24070
14985
4127
15922
5866
21919
10710
31584
24232
9676
21338
32755
24528
16112
22104
7925
20756
11652
15290
29367
1104
22920
29388
30569
26311
5564
29597
13288
22191
12051
24745
25815
29169
4197
27572
24049
16938
20068
505
5533
27125
12241
900
3779
14188
1520
2525
5343
16364
26937
486
32340
26905
11856
7430
26882
802
10039
23943
9498
22599
1219
16957
16945
21912
27724
21865
29332
12543
5545
8924
14556
12416
1371
22880
5058
30400
14089
6995
7220
30916
19501
17045
18856
252
4876
7077
20656
25472
31211
23558
20430
18329
17024
22504
16010
10883
2471
15108
21187
32625
30550
18632
20547
4306
10963
26548
30358
1747
14116
31748
283
14117
17352
21903
27995
8704
9636
13551
31642
16488
1088
11234
7596
1967
24371
23792
18442
17979
2012
24142
22821
15753
25427
17411
2810
7538
2207
5449
8935
17581
3882
12598
21437
27286
8562
26267
1558
5677
10240
17197
31465
1634
8350
24034
31835
28560
30149
8350
4312
12871
27221
21775
25699
28494
28040
30933
23594
7400
27433
7399
2142
343
27649
21554
26689
13983
6803
30083
13441
7052
9
13478
9156
22006
3437
22224
23940
19012
17692
1594
3869
11311
6264
2319
22308
3273
19934
24456
31483
2493
728
3413
6818
472
7827
4672
22224
29384
18579
22029
7491
25636
14245
2980
3924
941
27925
20338
14030
22228
12322
1292
32000
9596
23983
14357
6161
512
24635
1123
25236
4728
25619
18781
20828
32568
7110
11431
31634
10906
10458
12290
26884
5630
31933
24173
6848
6158
17918
21648
482
18503
15805
10331
22698
17333
26977
29675
4562
12029
9353
1965
21022
6561
1860
1989
10292
9856
31876
30897
30382
7580
7376
32553
17518
19232
8506
22346
26417
20386
657
18164
15463
17829
6359
3953
25667
24674
20213
8791
13070
26568
16046
7599
19648
13761
18642
21334
7889
6327
32180
24484
11341
16215
27101
4940
24615
4500
6914
13443
22991
6895
28980
23397
26630
27126
4183
28052
9714
2315
1493
32034
28269
29799
30356
3761
6563
12639
26917
2776
14556
27365
62
24265
17558
14161
14698
4145
28887
27490
1023
18528
7105
7807
17488
6826
2663
17475
5925
2573
26591
32569
26984
4628
15001
4324
14369
14074
17390
2819
3237
24851
32252
9746
2313
1896
11186
24852
6365
28065
12071
20112
6679
31017
6704
13018
4686
24972
11569
22419
17449
16420
14387
14451
14614
17140
4663
27974
4927
1748
6858
30005
15290
23759
31194
18247
16639
32457
4552
19496
31136
30564
22462
9512
16180
16677
1603
25734
21908
24787
24077
6895
21067
32544
26902
24130
6215
17804
29682
11670
15317
645
12639
22142
25292
22739
15390
16268
29959
32307
27393
15379
12569
19778
11078
19761
31037
11933
21795
29709
27788
7495
11938
31070
8307
19019
4271
20013
3683
9122
25199
27099
2506
16982
24276
18789
21059
1000
22639
29671
5641
21232
28549
10335
30898
25347
28260
6324
29210
25561
16375
22007
6557
28591
13465
20968
12681
14571
2343
6588
1746
15103
25689
11805
30984
29327
15954
7283
16007
24790
26229
15714
14574
24134
7035
15507
28114
110
27074
19896
30643
5921
17384
13002
814
1237
2457
30613
11381
30281
28837
1655
20733
15723
1110
31333
10614
21368
12032
21038
16384
18021
473
26884
5788
5502
12043
22584
4576
16717
27144
9797
31728
4797
8734
26384
13225
23935
19275
12654
23583
16813
10578
3559
8266
12461
20750
17082
24316
14681
21511
8480
21270
24412
19011
14293
3068
479
11871
3797
19014
5478
16350
20579
5305
13556
24512
848
6517
20086
6998
14970
12143
28254
22870
23955
3106
28303
23851
28452
386
3193
5262
29649
22578
10885
25434
24286
6646
16563
24988
10226
24683
16513
16362
28187
31734
28688
17911
19475
1786
130
8036
16834
14670
25510
27352
22275
4078
9431
16210
23467
7408
18721
7102
26824
5050
31398
29895
1830
25971
832
21741
7960
439
23144
17111
5492
3983
19031
25066
14816
12960
28778
282
27212
12450
7371
3072
4032
2836
21838
4653
22616
24878
32665
22719
21133
11800
30344
10802
19893
14169
3792
22648
9165
16274
20194
9547
20599
20844
24082
1218
31039
14031
28408
28194
19234
28757
10518
12023
20817
16638
21948
29796
10546
8741
21545
32440
14248
13234
6387
13121
17300
31890
15529
101
6556
3940
23990
18414
7467
26485
22920
17318
27320
4591
8434
6180
28492
30541
11215
2533
6462
22802
20457
2207
1601
22459
32537
1233
21154
5362
12463
17311
28106
17924
31251
9437
6154
19093
6829
3946
28056
7059
32515
30655
8916
9832
32545
13511
21968
26740
23614
5874
6416
24250
16796
30085
7054
7641
19632
9780
4609
9791
24707
4850
17759
18585
18520
25096
27297
11917
28047
25700
10182
23468
9417
15924
27162
15010
22093
32180
29112
2736
1451
5188
13902
16733
31903
26046
2336
13416
7479
25094
6224
8192
7992
23779
14172
23863
15551
6157
4328
23733
4644
13191
9662
14761
13603
30766
15635
30982
18238
12435
10764
18667
1885
1030
2688
21602
9912
2035
25344
32590
25846
31602
15380
7839
14230
24857
9416
200
143
27412
15975
23155
6195
28024
13703
27507
11865
19157
19525
28666
18107
3851
22994
12812
21661
11358
25391
20275
14768
3788
12596
1653
11317
31133
2007
8835
18533
25405
25259
21555
20753
17223
23207
4400
25478
1762
6441
19184
8883
8016
31802
4583
7566
24260
20500
30971
29875
6004
16866
19767
846
12528
28614
30147
3900
10162
14880
4116
17517
10998
14862
7264
32653
19660
303
20053
11235
30827
1709
22026
14457
8904
25978
13622
26749
26983
20441
29856
743
4977
23585
19926
9564
10504
3773
7458
15954
5335
17784
12218
29302
1005
26616
16951
29002
30667
391
17224
32019
16059
10266
11944
10738
18020
21643
5197
6225
31900
4138
8163
11904
12925
7028
13432
5536
13755
29218
28793
32193
5172
20582
11741
27975
15817
7537
21152
8082
30829
24376
1395
14046
23163
7032
6834
17767
16205
18935
19862
29137
27146
15374
6572
15048
19135
7524
18565
7652
6578
29180
1967
9679
15603
13682
6885
9129
11315
32641
32387
6059
18137
20937
3645
3339
20563
29391
1039
27936
1706
31302
25463
3527
1882
29325
9443
32517
30304
13176
13669
23534
7060
23123
7854
8901
27193
804
27450
22628
9939
10033
6856
31454
7992
17602
15117
1892
10474
13352
30889
5989
22948
19966
15450
22777
11827
18095
10352
26240
4999
25401
2689
16774
1546
27440
5469
29931
15153
31749
30532
8768
2384
8584
8279
32371
434
22444
19789
431
28905
22922
10855
20094
14691
25001
8870
5169
15422
16253
12091
28801
17501
26157
15167
5238
10172
22682
28580
12424
4864
5788
31596
27653
13139
28558
11288
27570
12910
24078
27236
11189
14583
20734
28465
12466
27406
1486
17603
21557
4899
22526
26668
12368
28426
10718
7944
28293
21329
19097
21867
32229
6353
32113
6168
29818
2179
1612
32500
8163
14741
24432
7098
2366
5565
31883
16623
28747
30670
16118
13593
461
6281
32570
9772
19764
15797
20436
28997
15738
24434
23861
4762
6475
14282
3853
20913
20072
28809
20169
32209
3149
25422
5978
20151
29202
8163
12857
15753
21391
11466
17832
27152
22979
13848
6202
24609
631
7815
11669
20828
17182
9926
8311
5914
21248
7955
24055
4256
24727
22284
9742
12697
13881
16322
30037
21699
4600
29712
15376
9960
13511
6955
1644
15888
27870
22905
31237
12533
8031
17319
19627
17079
5433
2038
6246
30417
3916
16853
12471
8524
26063
11189
23841
18226
14063
8985
7400
25414
26809
13036
22553
25330
570
6168
8650
28545
8165
29780
28579
22414
1845
9021
27294
11452
7571
26025
15626
27048
18041
22328
470
13340
27864
25132
14604
3974
15287
9594
26012
5032
18973
288
14427
31632
15922
15546
27723
8395
11169
31824
14365
14038
12608
30579
30964
23253
6643
9864
31340
19335
1230
23139
32731
23930
22649
29208
29399
32635
1497
8973
23288
25425
24044
1876
734
7851
32501
26168
28278
22614
7386
27414
1658
21939
10442
15983
7479
31849
7202
13626
12435
7255
27282
2687
3406
5581
24444
22305
14216
12283
27292
15356
15492
13225
8174
29231
20907
7721
28364
13755
25812
138
21591
15950
450
24335
3353
14937
12526
9439
2537
104
13191
32766
11278
27315
16568
14716
3239
4336
10281
24045
21322
21612
32200
18969
24555
29274
13001
28660
19455
4203
16363
26576
1762
30623
17662
8657
4470
29018
16802
19361
7438
31418
19281
15974
4490
16936
25760
2289
16067
9005
22977
27192
15657
5255
17997
20487
16810
15485
10304
11762
26838
8047
9286
16526
15681
7345
24373
4321
32041
11674
4314
19478
25433
6871
13304
17269
30541
7173
30606
10387
10391
5504
21849
22982
14722
26741
29082
21212
15604
2367
10265
5645
11161
20464
27242
8493
21565
14125
21359
17191
11130
32064
5150
26022
16020
23400
7556
7957
19873
18291
11274
8394
20717
29583
6136
21886
28060
94
3895
17409
7569
5448
7259
2603
3727
21269
7905
1046
31902
21691
6324
29578
2993
12916
29942
15289
25733
15124
11262
1325
6348
22426
26781
24062
4747
19717
4774
10824
4801
20585
25261
30940
841
8513
25358
4150
8193
7687
562
18352
15148
1794
6669
245
8469
25440
4331
21943
24310
15492
30573
19877
28951
9121
18382
12439
7226
13704
10859
18700
30263
4286
25475
10967
25060
29138
20027
21013
567
27117
2277
11874
26799
25515
13953
28237
751
27177
31108
7945
2989
26208
3033
29797
714
18097
6182
19709
28866
17600
14416
18098
31047
15750
15681
30553
297
20386
9193
7600
27513
13296
23426
24214
12782
1117
16665
25211
23687
25850
29770
26389
7282
17231
26955
6484
3629
8177
23596
19353
26347
5719
2396
23587
4409
5865
20336
24521
31969
1882
7712
25839
9743
15672
22162
25267
6066
1729
220
10343
27941
13817
31428
24900
5903
25081
969
92
26504
21130
19048
10449
10621
18930
24216
26181
18261
8462
11671
18833
17620
27041
27368
15802
4160
2796
2717
10529
28355
3199
12498
12025
2065
846
14970
9470
21834
21767
17246
4452
30498
17827
19810
17678
14143
828
27914
26113
14563
9246
7998
32280
7370
19232
11338
25081
7254
26165
15401
1095
24553
15166
3
2330
5266
14114
5364
11692
1261
13089
1039
22613
14660
9317
931
25785
25338
27098
23996
64
5930
11328
8173
10950
7307
1151
30797
12180
20631
23610
25536
10895
26604
15526
4472
28080
3570
32669
8123
23220
10174
5870
5606
1301
15926
24056
16306
12344
21366
10615
19894
32232
10099
2461
24365
24835
12254
29285
22778
10355
18252
15908
11753
13920
22419
15968
31800
14244
887
20198
9302
28544
4998
7959
15594
27533
10816
9603
2071
13301
891
29113
19966
19426
17158
20572
16517
5687
5773
30074
19543
29311
11964
8474
31533
9762
21415
29204
19275
26079
6250
23334
8269
4982
29196
28227
12579
933
13738
29230
5979
24662
16849
30280
25502
31511
22315
22695
23422
9162
25694
29287
17519
22430
18737
24133
24594
23614
21745
3433
32186
6984
1043
7812
17705
20992
16666
11035
7834
26950
11451
32547
23557
2501
12607
28365
1950
16494
25898
16035
31646
18213
282
20948
10055
17849
27889
4812
9506
7962
10294
18952
1676
7878
4537
22313
30832
6789
21110
71
9558
23638
28604
19335
30877
26793
18575
5872
9988
29902
586
25210
8304
8622
10377
104
20201
20153
1093
8152
18149
6431
28225
26009
19657
23363
8357
1852
21421
16493
19433
7278
22879
16574
29429
6789
17323
6506
21127
11864
8922
5409
22484
26708
32121
14542
27250
28364
2396
10372
3445
10897
30178
22709
7129
8643
11129
24486
9248
29926
9317
31519
10043
12856
17086
7783
16046
29506
18360
7280
28144
30894
20520
16974
8976
14424
31299
30189
10910
4520
6312
11524
6857
7198
5793
20549
31173
17454
29093
24279
9072
10831
27682
26117
12852
30799
23930
8504
28463
8425
17227
22050
3473
15769
30708
16701
13638
32431
12885
9844
8406
24995
13014
23071
21129
8616
16810
22069
9422
5763
25173
12221
14813
30110
24683
134
3740
10584
6555
6424
13503
12960
10477
3818
30772
18626
22344
31446
29630
11136
30007
31689
22752
23397
492
20927
28412
11350
17286
9455
3516
26218
13455
19778
5809
26876
27337
11786
12858
1022
23338
31217
21416
31631
7973
29487
18591
27088
7979
31745
22463
29428
18034
2902
12932
32663
9205
22987
15979
29009
7356
23257
31063
1418
4957
22093
32050
23184
10435
13817
26327
19174
31278
23466
9264
4832
123
4954
28059
29804
29862
30118
28307
19763
23949
20098
24972
21217
10998
23595
8990
27072
468
31325
102
18828
7622
3527
17578
25731
27617
17340
19003
17595
17071
31275
4768
21432
23415
25553
10736
16446
28863
15533
22912
30308
9744
8884
28094
24042
7417
26311
4957
21196
23382
27106
4019
3095
26323
23190
22623
25852
14763
26297
20014
15395
29878
13660
8000
23874
29346
15613
5222
10477
8320
18942
19919
28336
16259
18774
13028
11611
29701
11143
6512
11677
17867
29648
26628
10964
30090
18339
14234
32292
19370
4697
14456
32710
17481
4389
24151
4771
15491
23366
6085
3618
1265
14977
5320
31294
32111
26575
24772
20955
7715
83
21406
16218
4539
18062
7714
1899
17653
982
30114
5666
3941
7684
8928
25166
22899
13678
30767
6918
25507
24341
29396
21380
4889
20255
2994
8503
26460
1927
31527
24595
32090
24339
29745
4396
17324
29830
6869
1923
17436
25111
14785
22303
9828
17699
31536
14944
20537
28191
10510
24977
18056
19664
14428
24764
13312
27838
9175
12226
14544
5606
22996
28842
26546
26031
16751
28730
5160
29727
6884
5316
22021
22863
16189
12099
26160
10012
814
25255
14501
11040
16701
5484
30652
3297
20261
8561
17582
7239
25213
13832
24917
25684
10389
8265
10035
22031
5537
28077
28598
8129
12057
7384
20922
1124
21855
20661
22608
18265
20643
14792
5822
89
9476
10688
15815
27566
29175
1356
5676
2723
24813
2096
1138
10297
26416
3992
31206
5659
24334
24236
30431
13780
15418
4452
579
8768
24431
12702
14924
3392
19798
8814
25228
9650
19626
21941
4911
6561
12186
32757
28033
2232
19567
15971
31152
31485
26990
25406
4562
12220
8192
23648
32297
22720
31504
26643
9894
5577
21685
3109
32173
17467
14097
831
2072
30484
17529
5234
9854
11040
27349
2323
949
2928
26186
13513
19605
23048
22295
17380
5375
20696
28349
17392
3614
3822
30819
6794
29165
26089
16504
24179
18426
7089
8090
18147
26473
29797
11447
9504
23099
6293
23154
7246
1489
11186
968
2953
15531
9922
11251
24113
7542
19288
30094
13957
25414
17092
5371
9844
2848
15751
16898
27311
29371
9994
27834
23555
21639
16783
14765
2790
17647
15975
2359
14672
5339
9829
3631
9932
15738
9876
14281
25294
14654
5413
29371
6471
28200
17067
1439
3447
3397
27531
3225
14082
2937
23981
22585
13639
6011
9848
13219
3309
12577
23806
21997
25534
17886
23667
712
11961
30345
740
7779
1634
27231
18469
14476
5469
21324
16652
21273
21819
1894
25308
26502
3476
21434
6916
28639
18774
27724
3850
30432
13916
7513
6338
29532
9027
8671
21187
29403
3961
17248
18715
22407
406
9954
8770
11593
6128
27450
21581
23087
1897
31882
14948
11793
31884
16649
7798
5492
4825
770
2859
29614
22108
15392
31259
26699
901
9704
12861
944
31027
13191
27298
12030
4370
22734
1379
19257
21031
17019
30424
19370
12713
25530
11530
20353
22035
31979
2923
32447
4215
32678
20165
11859
21
29692
28017
3971
5164
17152
18377
28302
24592
2695
15583
17552
30077
24107
30576
8357
14635
6550
1811
11345
26018
10237
6582
20256
12368
25834
26955
13705
17625
31295
12735
16152
2734
24440
17196
6093
26849
24112
1103
191
31800
16358
31036
3076
29568
2306
8784
20437
1571
25875
18280
21742
14589
10331
848
17460
25964
2701
9087
6042
13990
32469
12289
21061
4432
19737
12212
1007
6476
20607
31927
7049
18898
32559
15648
19748
21442
8026
21485
3857
13880
19835
24126
29255
17761
14300
4289
23046
5006
13148
2413
22202
28807
3441
26995
10274
29474
16233
19313
10929
16660
26357
27113
13365
2310
10215
2547
9142
25324
23355
32302
10401
2706
12116
22012
1318
10359
7561
3311
20446
7391
22752
20094
30897
292
6681
8701
5367
21325
27887
4812
14045
32737
25242
10446
21514
15870
19864
17692
32643
29093
27309
14075
31436
2136
6953
7436
25169
999
5225
26307
30980
10119
10400
2586
22342
31524
3288
16775
267
6392
16435
26155
10041
31069
30839
14924
6226
12511
14281
14341
9299
21654
28601
14396
30684
30899
21887
1493
12944
32088
19332
12581
15551
7597
1061
14250
8259
30000
16819
21497
26791
28492
22462
2551
20111
21806
20883
17228
12883
28116
25091
4117
10734
25702
102
24537
9751
26826
22240
18111
29357
15987
26083
8958
5720
11641
245
13972
21870
2543
2228
2363
23571
17777
1559
9881
21413
16124
2806
3255
26455
17666
31693
24244
31771
32190
9917
12219
8134
10694
19411
31282
29550
29919
31373
5940
5399
18708
26778
19010
19599
22538
9698
13621
32663
20110
20934
18551
12611
26224
13737
883
4260
19092
26799
6474
23204
326
24772
19912
4912
20686
5345
7830
22941
21060
5258
3249
23620
9894
14492
6682
12144
552
20805
20432
2939
459
30036
24571
13875
32561
22195
14442
7042
22192
16433
6463
22863
21413
8325
1001
17055
14091
18064
5715
7680
3148
13027
9819
8999
16470
8833
12678
31704
12018
14054
29938
19462
6737
24392
16780
1340
16616
26396
24706
2363
1407
19932
7164
24549
23940
19464
16391
1113
31140
10603
10193
3424
23709
18591
11036
13576
21581
3027
32749
910
2319
30412
25732
8577
5960
12842
9617
5413
26429
21485
21669
28438
14120
4407
17127
10797
2954
15699
5128
17063
31170
14839
32121
18564
223
15558
1499
28974
25779
3609
22711
27739
16168
9471
623
52
15320
17539
10356
12471
12759
32301
4538
30298
4051
15819
4969
18417
20064
17008
13782
31697
23693
10430
9649
17462
15035
27233
17792
19170
14255
30428
29515
12295
997
18824
22169
28775
3879
8409
19100
30394
25695
15076
14505
23632
30634
15134
30443
7415
6829
7527
32599
16927
2860
23111
4834
18748
20440
8311
7410
18796
22377
18339
27411
7258
3565
24686
3308
3682
23648
1463
28785
23030
18044
21274
3674
29248
6866
9402
15059
24840
26906
1086
28277
15321
13000
26394
7029
29791
2528
8720
25371
2068
4618
13814
16246
21276
6121
22969
30031
2668
12969
26018
25179
8498
9175
984
31668
7537
26998
18983
4234
8172
13903
8447
9494
9030
17544
7104
31184
13927
13944
9780
4834
13858
31162
11101
21468
18964
24704
6514
937
10447
25898
26404
19650
26424
19480
32293
3489
22317
6076
12011
3449
14699
755
4530
26916
18095
30101
30912
19549
21532
10058
22508
19247
5853
25760
17761
28589
19211
10843
30624
20452
16849
2829
25796
16398
6862
4838
26378
29961
11450
7628
2704
11015
24909
21422
26717
9350
2140
16150
12962
5507
26182
12798
22079
20202
398
27877
21897
15954
29641
15394
16459
5607
16827
32631
27915
12455
32445
20457
22414
1746
16225
14287
18590
18075
8025
12586
11018
25892
24213
24116
12783
15273
22956
12348
13366
1276
24957
28848
24926
20273
13846
24700
13179
13722
10453
24978
17023
30454
10700
24266
23737
15333
17514
26093
2203
8607
20312
10252
21440
23782
21410
21527
4910
2361
28439
32683
30936
30795
13810
4650
8807
5555
22458
26129
1337
13029
2918
5254
23466
20321
1733
7985
30611
12586
1309
27725
7697
24954
8467
18687
20616
25012
1482
26086
9959
11418
15183
499
7981
22464
4661
14203
1580
26944
29308
8074
23948
13744
4536
16251
25364
23121
21614
29893
7461
10121
24258
21272
4231
3988
6223
10409
873
28022
10071
7370
29090
14388
10012
7357
5693
30275
7565
2762
11829
1345
29733
25487
22653
2531
30737
19864
14147
7215
9617
18223
13942
1003
17056
26229
7046
6485
3287
24498
17003
7700
32399
17898
11240
8815
28486
14769
16657
19133
4932
31295
28683
2332
7805
3271
1555
8038
3770
28165
27329
32097
24820
535
8334
20278
13824
13965
11925
20517
10866
2755
22422
13686
26043
29295
16960
17843
9364
18038
30384
28692
17056
14340
21813
30779
1868
31195
27222
2593
14843
5099
17430
19025
16736
5411
11382
13908
21034
6024
27964
26988
28903
19076
243
6533
19234
30592
21811
24680
11215
13493
546
9522
3818
14910
6971
14852
6234
3442
32078
509
29211
30322
15816
13157
21916
29694
7989
2603
17510
8589
12035
32402
13311
17308
28809
21543
12558
28230
14664
5366
15807
31253
8816
19709
28521
15128
13222
6625
3951
11829
11012
25312
17252
4289
1633
19719
114
5710
12755
16293
19964
12484
32627
3327
7042
7860
19552
4933
11717
13288
30471
27077
26412
4159
2721
28255
28519
14520
17404
18233
32338
18124
21375
11444
19996
8705
105
3998
30888
30652
4441
28585
17459
25942
7699
30235
9016
2163
11905
10440
27536
27023
19192
18749
2270
29914
25021
13375
11818
30022
9672
21876
19148
17886
19143
863
18060
11609
16998
22418
18695
6127
24270
22302
4181
9067
32363
32591
6888
12674
9459
2710
10423
29795
9636
455
22428
10639
17101
28036
24315
30443
26255
15353
11941
7699
22757
11979
29948
31218
5858
25930
20567
31376
12090
22254
12200
4906
18436
20993
9820
20104
12734
21145
14210
32139
11154
17865
23600
13318
15575
3352
18722
1998
18395
22066
14245
17941
14816
6878
13747
4851
31844
23856
16736
10054
2982
29696
13173
8380
22117
31643
15706
6190
19179
16055
32313
29232
13642
11181
29536
7654
21222
10722
18407
13849
16179
25478
18323
14473
7616
22402
30971
18309
9589
18347
8937
10682
28953
22332
16643
31817
14614
28035
11179
19228
23169
12506
30499
889
20309
11737
19957
29911
31743
32458
19090
21489
30240
1885
5177
29722
10382
6302
17178
10960
30876
4387
20412
4499
20635
19850
4508
6648
13216
32035
4375
10233
16008
12009
12425
9871
14906
10935
28855
19075
9004
27320
21610
30592
18985
18720
10077
31598
29265
13849
11353
5115
4193
2560
30367
29306
3892
18386
29318
12785
15754
25569
24933
29549
18697
25292
19635
5273
27265
25773
13421
13455
10100
28820
31928
31470
19670
5173
24264
21805
1809
11229
24832
7727
15180
26283
6747
25623
1517
23292
17674
16477
604
16167
25695
30242
16394
6763
489
19136
2227
549
17889
19622
23520
14150
28356
31843
17327
14341
27714
3072
26326
6609
8535
10387
31718
16266
4536
529
461
16368
32368
1380
24991
4188
13771
31933
23958
18350
6771
2604
29015
3462
9689
12398
1910
2487
27094
24070
10301
26616
21907
11919
1449
17373
16806
22096
2230
4358
1917
27665
17372
21399
10240
1325
28378
15591
17778
22505
20402
125
29848
22532
13557
30008
10526
399
25920
22221
16694
17919
10247
15223
29826
20353
19345
4585
10804
3725
19524
15240
31348
17854
291
5847
24322
2017
29077
3634
22300
23628
14440
32448
674
32113
6165
2979
30840
26034
9286
12657
23596
7799
9365
11752
30424
1406
5271
4061
22346
31859
25881
886
15715
14017
25257
11929
21693
6567
25945
12708
656
25230
11711
8287
19159
1946
4928
1839
4270
1663
26511
20620
13823
5526
13168
7860
24157
27440
12482
28065
22832
3882
9660
4409
30483
27329
1399
25542
20090
2728
31148
14501
13208
18264
14784
26434
26496
18344
21245
580
17034
4509
17955
3844
24056
7555
7711
20804
217
7996
25626
32542
21550
31193
5301
28986
8780
4455
31379
9028
9601
28427
4633
6301
10746
27474
23153
31057
1764
21186
14293
31562
13010
14517
19210
27587
30559
27751
25130
27903
2068
17485
26279
15418
140
13224
27789
5088
3541
24155
18183
32253
18202
7929
17957
10996
31103
13091
476
8309
27469
529
22095
21673
23119
12654
30028
2479
14716
31849
12570
32076
29141
265
25714
16606
10897
30656
7115
19858
23672
2372
25563
10455
13453
13978
24922
11539
2543
1907
5641
19092
27393
29372
30451
21705
1481
13681
14322
12210
28566
2994
28790
29077
4070
24
32130
19699
12934
17737
17655
22202
1275
19914
15893
31932
801
5653
25407
16480
5906
21740
28926
2455
28745
1516
5705
9746
22024
613
31236
18611
30966
7273
14790
7489
2061
28707
17887
17503
3251
24426
16026
19391
21031
27542
14015
30355
23583
24979
32604
27204
12464
3124
24773
4967
31085
24777
25818
22253
16339
23027
5768
25497
18661
29879
23187
14264
21523
978
17810
12044
16736
19788
4923
11529
25284
9808
8928
14148
31951
315
7482
5160
14992
8691
10086
16874
6325
27770
18221
22976
3059
451
23688
13134
26281
7876
21603
23649
16832
29132
30882
14560
27861
23063
354
24320
10650
17824
19329
950
13945
8502
22624
2930
27771
3794
31463
4874
29801
22056
21962
1268
22321
17276
3851
3769
28042
26807
23745
2726
29403
29882
20247
12741
16217
5362
31639
10764
28016
5420
28073
17619
28261
12715
86
396
21049
20344
1362
10414
18128
3834
23866
4850
4691
27846
25882
28866
3282
25784
23858
9710
23854
19267
11514
3490
32054
20741
10339
14997
18704
25759
14944
1922
7643
26307
6309
3036
19346
25743
25774
18622
24115
19481
24068
8737
545
20299
2492
30801
1991
26865
29504
30114
19071
14352
27218
25694
32434
9593
25165
8451
11072
1951
22190
31915
21026
14502
22740
9164
3150
21180
11012
23841
7386
1708
3248
13544
16229
16560
7161
26702
13747
3975
28786
9512
22679
456
21287
29155
12310
28022
14302
20926
22217
21972
23452
31030
11395
25467
11371
9922
7220
8873
24155
29633
30989
31708
20935
12721
14053
6816
11993
10145
476
13989
23120
17385
31038
29460
10113
5656
4522
18467
27548
9518
25203
10984
22065
30220
25158
26474
13043
22056
22285
24830
30907
16005
32020
11473
18896
25315
10602
15041
18789
16691
27531
113
27235
17741
29243
23196
7017
21733
14261
6313
29713
22459
14597
26240
18294
4115
15539
2205
16371
22373
27809
7778
26669
4949
18230
24242
17747
30437
11196
699
26276
25578
1543
21267
3634
189
23896
2823
22246
22066
19073
1584
31685
2510
6473
27719
9329
2100
6417
20281
23283
13281
24760
28542
3767
27673
2493
6823
18648
33
9891
22583
30111
25263
30874
22708
26438
12703
10331
23294
30209
26087
1620
31711
24895
16333
5637
9186
22060
17240
26794
1897
16251
22788
2842
27898
16996
26297
2799
11738
3304
29950
22247
9437
22876
13419
32394
32636
19237
30556
5389
9512
2241
29677
15223
10462
14087
25122
5634
30972
14767
19045
12484
16723
23828
6198
6030
13181
19769
17694
9493
10608
32266
12260
19791
22100
26853
29700
26400
31122
17241
21853
14646
18478
4910
5162
20018
86
17317
15667
21512
23355
8192
19013
2728
20767
22341
9951
1502
25519
27968
27950
18038
25236
15559
28475
28325
24133
28482
24676
5540
15647
3434
13065
32414
9911
3408
32391
14028
14703
417
362
24287
15943
20009
5086
9118
20214
1431
7783
10704
8762
21632
26834
29020
29292
7590
21868
29615
12887
11129
23665
350
1098
6878
23495
8972
10092
25392
3820
399
20304
8068
17198
6478
6601
32050
7194
15597
5888
29585
31798
11053
6083
10497
26099
15373
13856
10543
26845
26934
19507
20628
28437
13717
19772
4415
32513
14410
13556
29909
17730
20161
290
32726
31462
14878
26985
23073
31711
11231
18788
24763
8628
1468
28917
1228
13943
20690
20185
7146
5111
12289
10624
1434
17206
20883
23068
18964
12318
9246
15865
5703
17775
21163
21004
14621
1276
19479
11470
1536
28695
22970
19019
16541
21578
2375
24181
30184
20552
28147
8639
26208
9506
31962
19431
26004
10174
2206
12563
21222
26246
8273
13600
3983
22365
21909
2359
5603
8663
11777
26529
5590
22953
17351
16860
15040
15710
22932
5358
32349
19788
26040
22521
11544
20167
22663
14608
32649
3988
8703
7241
27964
32160
15019
4371
7348
26354
13254
12746
5295
30175
4772
8585
4780
15741
31566
7232
10923
27226
28269
19718
5172
27501
7785
24240
18586
10060
8145
31394
22145
4512
30974
10725
3742
13526
21747
19578
28094
1048
23944
6894
26634
2428
200
26159
31113
17531
9623
2462
8166
19620
5016
17253
8564
3217
4685
26379
17775
10523
896
7750
24965
26826
31970
11280
24724
12175
9459
26108
9910
25270
22305
22475
30331
18710
21300
17722
15221
15243
31721
32287
24058
14758
26845
14516
1061
13986
20397
26163
25630
12954
2140
13731
2971
29690
12533
14577
16551
30004
13425
24642
24483
23220
14554
16264
23178
1301
14513
21075
15737
5013
19342
12779
23662
27334
25094
29083
3663
4999
30929
5455
6447
1587
1836
22114
13262
13848
11389
10929
16478
28971
24886
16884
9357
26617
12027
27982
25279
29153
13319
9506
22683
24961
30156
8489
18122
32110
18137
14017
1531
28968
17409
29064
3371
19021
11450
6698
11555
22028
6851
8055
9538
29405
23818
5561
30076
10863
31180
16452
4515
10210
7166
22862
23013
24119
28652
3073
31895
29445
13088
21711
9521
16749
31621
15366
7321
2383
31180
7844
16036
7870
15119
31084
26842
11698
11700
27193
18041
26109
28053
23443
7613
9089
7005
3712
607
26271
17205
30364
4443
12531
5793
7276
6647
6718
32164
31216
22529
12707
17195
1399
9048
32535
24745
24247
14510
14611
11518
21021
32651
651
29341
9826
29077
17700
12526
26719
1808
31650
3313
10530
19617
159
13605
25153
1623
13699
15528
29806
1003
5552
12703
29772
2631
2557
29400
14722
30278
4198
2222
25613
31931
3074
1325
19418
11188
20789
12151
3732
4352
16934
32358
12219
10734
3955
9843
32502
88
28964
16087
14506
6368
27614
16880
5323
5754
30297
27877
14322
14123
4884
17037
15024
3600
12872
13709
15139
7841
28698
15809
11462
15671
788
23774
23181
22732
28374
22101
20274
4610
20233
7802
6089
17255
20117
17637
5275
24312
7956
24088
19505
17636
1158
12387
29871
30610
18758
10245
10084
20708
11837
22164
29342
7358
11093
415
15811
15554
5168
1169
13213
14686
29979
2520
9974
25609
15421
24391
9573
28361
788
27065
11367
7417
3107
31736
13489
29001
18660
5341
1989
32006
31748
18616
5060
13468
19407
23025
12675
27993
22762
17648
4320
26739
11584
17211
16215
3917
5950
2526
31952
17654
17731
18192
21179
28914
13650
8979
8543
10046
19723
18524
5999
4494
11737
14068
18399
32217
6508
26398
20981
13847
31338
32570
20387
1354
25953
8425
32276
3515
9729
4466
21637
21638
11400
16741
32086
9816
28541
30590
25953
14712
5537
8907
21898
12548
31779
6161
19095
25982
27923
15981
32579
5767
6681
28471
23693
27113
12135
3371
17494
23515
4844
5835
27179
1153
9162
14335
11872
22195
3595
7935
12126
15359
1679
6258
1341
12785
841
14040
23446
19601
17324
2341
23954
16942
15711
9390
10311
25690
16696
1609
14149
10806
27752
3760
32619
12272
14835
7719
11264
20361
18532
4959
12799
14044
10174
12697
11697
7900
17333
12814
16001
2077
15902
1167
21773
8342
19877
873
10105
13989
29886
7819
16392
23891
9438
16875
23021
9690
8682
31525
94
4708
14832
8805
9195
9750
9493
2696
6670
13901
8654
31870
15107
24871
8531
499
4569
19782
6225
17198
21194
5840
18399
31801
3016
3514
4788
19778
17240
10567
12951
27201
31139
21707
25110
28123
16330
31157
20091
21382
22907
27340
26108
23791
7362
5305
22066
26265
1057
6086
20173
28614
9954
12005
23685
22938
2988
2036
28756
8574
2389
28991
26338
6851
10743
71
9281
27527
17478
5570
6106
20701
16160
25314
15527
28200
13158
21466
27043
11208
24587
927
1663
26873
9322
7403
30871
1271
29917
19592
23588
871
32139
10443
23987
20466
26497
12895
18390
25907
29701
21059
6425
23251
25126
30998
13879
7922
21144
17299
3214
24265
7615
18520
14545
25230
20490
29419
1533
24728
16514
4094
22670
3012
30115
28402
23026
24855
19562
15515
30782
30885
5551
31555
3616
23985
7605
15345
18196
12821
20992
31979
5083
8421
31078
20857
17194
25679
12905
14060
4767
25285
11204
15071
19448
10079
19268
22205
17031
14714
14041
9347
17633
6054
29677
20679
22231
22975
4340
28154
18343
15961
3397
3306
30835
10081
29480
16010
26353
18946
22576
25334
20581
5574
14283
27058
204
5886
23575
26418
8794
22627
18679
9120
8487
2045
23911
1753
30502
25412
7948
1465
29782
11910
25615
29848
22332
15240
20268
25364
18832
17264
20998
25873
5431
6114
10686
27903
9585
28522
2499
7004
10324
20762
26860
10105
25721
25460
9412
17792
5877
8842
28453
11702
28042
16739
14856
10494
28959
15009
5531
18079
29806
21601
13460
8006
23293
7011
2757
18767
19535
6507
14833
25152
10075
19174
16607
20886
19005
6097
8364
10437
556
21463
27749
17530
14252
2489
30422
4899
11012
5619
4764
9393
21747
21661
6274
26524
16287
26255
10250
14120
27598
20936
22089
7912
5720
273
16120
30592
29149
26333
11209
16558
10419
18292
17911
23692
15138
28240
1569
4111
3540
21191
22104
27860
15495
28651
6775
2076
1285
21423
4786
8981
24150
10571
19570
10331
4148
17121
5473
8894
24255
26208
9408
4422
7794
25001
28417
15476
17494
10736
22418
28875
18037
2661
13559
17039
24722
9748
23323
16077
4375
20746
8168
11675
25167
1210
3605
18849
21461
29599
14911
4312
30797
34
28220
4754
6993
6845
7852
24251
942
19297
24272
31326
9681
27157
18080
32106
23164
19169
32535
15799
28094
24810
26834
11076
6689
7390
4313
16835
17445
2706
26557
13143
2541
29162
28387
12444
31545
32506
20511
29160
3476
13674
4996
26064
8399
13087
26491
10478
10157
1559
12051
10978
18656
6549
19096
9367
3124
32383
20071
17352
26635
4868
7168
12226
17161
19841
4445
19307
15888
11942
17027
22659
23151
7893
29014
24618
20566
15050
14257
1186
10638
21377
6070
8279
29798
9556
26211
22044
8945
2661
17510
30392
27246
11323
6451
24481
14088
30896
17491
14087
1984
24074
30975
10516
18087
4712
30701
2675
29008
27232
7018
1039
9605
742
27049
11293
26169
17007
8539
12380
11454
30039
29823
30107
6712
2432
25980
20605
23890
11581
31341
15225
8239
21870
15036
11812
4772
28396
10994
31155
25764
16167
15053
20155
17659
14349
22932
20540
14399
17198
9383
22494
23556
18462
25690
20346
27216
29211
19203
17372
4431
30960
10834
5320
29511
28953
4833
26170
25293
26408
4620
14066
12090
19048
515
16432
5465
27327
8221
701
10338
3545
23920
9514
18220
24450
7582
1884
29086
16724
22513
12105
4711
15763
20139
29436
4334
8533
20631
991
16268
486
14564
16185
31226
12650
8499
26614
2053
26308
31215
11687
6281
7351
31965
9417
26780
27723
11764
5194
27402
26227
24174
15433
1026
12524
26143
31262
11534
27240
1798
28058
5448
6636
12066
911
4556
11639
3206
2451
29289
19428
10160
12034
3740
32273
30743
5954
7870
29505
9987
24907
13692
25791
29857
18534
28040
23749
29527
16948
8078
25755
3413
15859
13418
24067
2157
26877
26520
3029
31780
7313
3563
3559
28169
22742
13442
21551
2117
28957
11257
19756
7796
19815
21468
21377
29875
25895
14945
7908
31994
22345
25686
15414
32429
17266
20824
20723
23661
18570
4166
11725
27700
19576
30709
29844
5537
28972
22565
21849
10896
23267
14004
9939
11758
11174
27922
24066
31948
22548
14837
10513
3505
14690
6990
12673
14901
160
1147
18820
18123
28478
17598
2215
7391
30926
12782
7092
27425
12811
27500
19415
8224
12571
18777
255
29466
17169
19462
17287
28434
6838
8108
278
13348
23689
2142
6340
25366
11268
19003
29310
26415
7713
25064
9643
4684
13597
8510
29455
16176
18812
1087
5616
28188
1101
21071
12408
3999
20143
24481
22363
29104
23188
751
186
762
10437
4974
23110
24695
12327
769
19112
24896
2620
26796
8737
5284
18668
3916
15981
26231
22918
23686
9710
23980
6402
9214
24070
10535
32137
15049
197
28364
31031
24356
21956
4316
31263
18534
29264
23937
11151
29491
9419
23719
23702
32243
12112
12302
12228
10626
5526
14749
30769
21033
535
31738
26560
29902
1649
26967
29349
5223
15116
5263
3109
5045
509
30833
8349
22318
28970
18779
28870
17211
10159
1292
12855
27299
4737
13491
6444
327
25681
5451
12165
26385
17588
6699
7442
24359
31360
32217
17677
18276
5497
21792
23784
25608
23341
22626
24650
5038
31516
22319
1620
32639
19996
2581
7208
7078
9468
14010
26796
3075
27240
23081
32139
16676
7180
19818
6525
24945
24317
6229
32713
21158
13140
26279
26888
30599
2844
21334
28971
30159
18542
32290
9919
6249
26330
8045
8048
8674
21513
3660
13772
8991
15265
27870
21578
10827
19049
28381
29067
24084
11438
28274
8671
22807
19429
17230
25099
22936
3985
4086
32586
6519
9575
31070
16529
25183
5296
31930
13591
12865
8432
22417
19477
1025
16325
13843
6602
4207
9745
7084
28099
7032
12379
14809
7769
8606
10867
10555
11643
31141
14933
14570
10926
16015
29264
18443
30289
5579
20072
23973
18982
9642
8440
29360
11022
20498
12956
8815
10260
1398
6477
13568
2733
17413
2766
14386
23614
5922
11848
6806
25823
11029
12593
31961
1887
18688
9073
11600
7816
20244
24264
469
16292
30980
32106
978
1600
3258
9197
8859
19759
16202
8805
24577
30930
26148
12494
11044
13975
18573
19114
23944
21952
9552
28138
3691
7526
16560
16658
12374
17341
3746
25753
11507
27289
19769
29582
29470
17713
9058
30594
11070
19235
6097
21409
1494
7353
29755
27426
22615
31851
26822
1762
31801
421
958
15947
9289
26826
20873
26491
7237
9336
14557
21154
9894
5134
26416
21676
27837
875
24944
25889
13569
22521
3317
21321
21416
3819
17588
22163
2420
28866
20149
32311
17616
7702
17863
17435
31003
22931
19314
18164
68
13122
5677
28589
14999
30985
12241
1548
24790
4214
30798
30867
15500
7608
16540
23460
15006
7150
4597
25577
3107
19109
30018
24563
18805
5275
20179
29985
19336
21449
8786
9156
12155
5793
21242
22144
14445
19093
13316
246
914
28632
32098
4511
17030
14952
30896
15099
28641
17484
31336
22508
12811
13594
31573
28508
24658
701
26186
6950
24121
12149
28179
22068
16659
10527
32684
30181
29649
11703
9393
21169
19737
22811
27158
25615
19352
16402
7960
21398
27800
15500
115
19299
20693
20268
9174
956
9100
14851
14228
21490
30678
14495
27292
19084
4148
31044
4267
4257
17515
15225
22208
7302
31122
14278
7121
30634
24681
13501
16828
7101
28140
27959
2688
11032
16936
11232
21933
2137
29006
16374
21017
4429
25350
12109
30677
276
15365
18839
24159
15743
1506
226
17177
5053
2341
11106
21498
10295
3490
4721
4740
7608
29957
29396
25334
14289
25517
21056
7106
31868
27582
19996
10561
6399
28273
18313
6566
3603
10159
4256
9521
26438
6111
32506
1701
414
16380
1910
14331
9599
25578
18230
26456
30670
18186
7659
14397
1623
5900
15699
9469
29548
30980
20992
5237
1231
27840
10586
30711
6611
31321
30951
1415
19645
24073
10954
25162
17264
9788
21386
20795
29514
30698
13589
14880
23625
27939
29445
7357
32626
16876
23585
17479
5235
17225
27943
20251
17031
13467
28873
24240
24730
7980
24821
970
174
16393
27993
15089
19069
2064
19239
3362
26975
25161
12821
10436
4463
13434
10921
1757
24553
19957
4531
28806
6871
14517
29979
30877
5101
8361
11740
